   7000.00000000000        201.028080172434        0.00000000000000     
   7218.75000000000        180.200406437557        0.00000000000000     
   7437.50000000000        161.530600363925        0.00000000000000     
   7656.25000000000        144.795094360520        0.00000000000000     
   7875.00000000000        129.793483733960        0.00000000000000     
   8093.75000000000        116.346126878116        0.00000000000000     
   8312.50000000000        104.291994097981        0.00000000000000     
   8531.25000000000        93.4867393078576        0.00000000000000     
   8750.00000000000        83.8009715127741        0.00000000000000     
   8968.75000000000        75.1187053744480        0.00000000000000     
   9187.50000000000        67.3359723075879        0.00000000000000     
   9406.25000000000        60.3595754746667        0.00000000000000     
   9625.00000000000        54.1059737704484        0.00000000000000     
   9843.75000000000        48.5002814321833        0.00000000000000     
   10062.5000000000        43.4753712959835        0.00000000000000     
   10281.2500000000        38.9710709610317        0.00000000000000     
   10500.0000000000        34.9334422358362        0.00000000000000     
   10718.7500000000        31.3141352380272        0.00000000000000     
   10937.5000000000        28.0698094131572        0.00000000000000     
   11156.2500000000        25.1616145393069        0.00000000000000     
   11375.0000000000        22.5547255026215        0.00000000000000     
   11593.7500000000        20.2179252727960        0.00000000000000     
   11812.5000000000        18.1232310847167        0.00000000000000     
   12031.2500000000        16.2455593498502        0.00000000000000     
   12250.0000000000        14.5624252847532        0.00000000000000     
   12468.7500000000        13.0536736598100        0.00000000000000     
   12687.5000000000        11.7012374439595        0.00000000000000     
   12906.2500000000        10.4889214552276        0.00000000000000     
   13125.0000000000        9.40220842631716        0.00000000000000     
   13343.7500000000        8.42808516292690        0.00000000000000     
   13562.5000000000        7.55488671307534        0.00000000000000     
   13781.2500000000        6.77215668138561        0.00000000000000     
   14000.0000000000        6.07052201561959        0.00000000000000     
   14218.7500000000        5.44158076605253        0.00000000000000     
   14437.5000000000        4.87780147362675        0.00000000000000     
   14656.2500000000        4.37243298207542        0.00000000000000     
   14875.0000000000        3.91942359403286        0.00000000000000     
   15093.7500000000        3.51334860304018        0.00000000000000     
   15312.5000000000        3.14934533365491        0.00000000000000     
   15531.2500000000        2.82305491178171        0.00000000000000     
   15750.0000000000        2.53057006793403        0.00000000000000     
   15968.7500000000        2.26838834838038        0.00000000000000     
   16187.5000000000        2.03337017388685        0.00000000000000     
   16406.2500000000        1.82270124381688        0.00000000000000     
   16625.0000000000        1.63385883538414        0.00000000000000     
   16843.7500000000        1.46458159449799        0.00000000000000     
   17062.5000000000        1.31284245645247        0.00000000000000     
   17281.2500000000        1.17682437218866        0.00000000000000     
   17500.0000000000        1.05489854945696        0.00000000000000     
   17718.7500000000       0.945604948321043        0.00000000000000     
   17937.5000000000       0.847634797440514        0.00000000000000     
   18156.2500000000       0.759814921768036        0.00000000000000     
   18375.0000000000       0.681093693987807        0.00000000000000     
   18593.7500000000       0.610528441466404        0.00000000000000     
   18812.5000000000       0.547274157916472        0.00000000000000     
   19031.2500000000       0.490573384597456        0.00000000000000     
   19250.0000000000       0.439747139882557        0.00000000000000     
   19468.7500000000       0.394186788575101        0.00000000000000     
   19687.5000000000       0.353346753610836        0.00000000000000     
   19906.2500000000       0.316737982870091        0.00000000000000     
   20125.0000000000       0.283922092866053        0.00000000000000     
   20343.7500000000       0.254506119180857        0.00000000000000     
   20562.5000000000       0.228137810786916        0.00000000000000     
   20781.2500000000       0.204501411903817        0.00000000000000     
   21000.0000000000       0.183313880879290        0.00000000000000     
   21218.7500000000       0.164321500816002        0.00000000000000     
   21437.5000000000       0.147296841357057        0.00000000000000     
   21656.2500000000       0.132036035248123        0.00000000000000     
   21875.0000000000       0.118356337063492        0.00000000000000     
   22093.7500000000       0.106093934862271        0.00000000000000     
   22312.5000000000       9.510198856966705E-002   0.00000000000000     
   22531.2500000000       8.524887159333183E-002   0.00000000000000     
   22750.0000000000       7.641659461844649E-002   0.00000000000000     
   22968.7500000000       6.849939270676225E-002   0.00000000000000     
   23187.5000000000       6.140245878036776E-002   0.00000000000000     
   23406.2500000000       5.504080832387528E-002   0.00000000000000     
   23625.0000000000       4.933826171003756E-002   0.00000000000000     
   23843.7500000000       4.422653196232654E-002   0.00000000000000     
   24062.5000000000       3.964440703059382E-002   0.00000000000000     
   24281.2500000000       3.553701678771013E-002   0.00000000000000     
   24500.0000000000       3.185517596959944E-002   0.00000000000000     
   24718.7500000000       2.855479519049220E-002   0.00000000000000     
   24937.5000000000       2.559635298041046E-002   0.00000000000000     
   25156.2500000000       2.294442252262831E-002   0.00000000000000     
   25375.0000000000       2.056724742387308E-002   0.00000000000000     
   25593.7500000000       1.843636143719155E-002   0.00000000000000     
   25812.5000000000       1.652624758373020E-002   0.00000000000000     
   26031.2500000000       1.481403259147390E-002   0.00000000000000     
   26250.0000000000       1.327921299190151E-002   0.00000000000000     
   26468.7500000000       1.190340959461474E-002   0.00000000000000     
   26687.5000000000       1.067014739981791E-002   0.00000000000000     
   26906.2500000000       9.564658313139893E-003   0.00000000000000     
   27125.0000000000       8.573704300343330E-003   0.00000000000000     
   27343.7500000000       7.685418864230636E-003   0.00000000000000     
   27562.5000000000       6.889164945460840E-003   0.00000000000000     
   27781.2500000000       6.175407545665058E-003   0.00000000000000     
   28000.0000000000       5.535599547545152E-003   0.00000000000000     
   28218.7500000000       4.962079364671634E-003   0.00000000000000     
   28437.5000000000       4.447979195355480E-003   0.00000000000000     
   28656.2500000000       3.987142781950331E-003   0.00000000000000     
   28875.0000000000       3.574051690767433E-003   0.00000000000000     
   29093.7500000000       3.203759229818491E-003   0.00000000000000     
   29312.5000000000       2.871831213063187E-003   0.00000000000000     
   29531.2500000000       2.574292861823837E-003   0.00000000000000     
   29750.0000000000       2.307581207521110E-003   0.00000000000000     
   29968.7500000000       2.068502425762067E-003   0.00000000000000     
   30187.5000000000       1.854193590863872E-003   0.00000000000000     
   30406.2500000000       1.662088392830402E-003   0.00000000000000     
   30625.0000000000       1.489886406248700E-003   0.00000000000000     
   30843.7500000000       1.335525543105799E-003   0.00000000000000     
   31062.5000000000       1.197157359653301E-003   0.00000000000000     
   31281.2500000000       1.073124921623852E-003   0.00000000000000     
 