   3200.8680998356676       6.34130113686314500E-002  6.67113460690796634E-002
   3205.3070733441855       6.35424470087497528E-002  6.72671198711397855E-002
   3209.7522028345170       6.36455714773414699E-002  6.78263553236258393E-002
   3214.2034968437952       6.37379063803148599E-002  6.83890635013057746E-002
   3218.6609639209951       6.38172026162683037E-002  6.89552554293946379E-002
   3223.1246126269443       6.39086916163023877E-002  6.95249420828158576E-002
   3227.5944515343449       6.39811918423220799E-002  7.00981343854644029E-002
   3232.0704892277872       6.40443978419350801E-002  7.06748432094698176E-002
   3236.5527343037652       6.41133513616566758E-002  7.12550793744571032E-002
   3241.0411953706971       6.41771178255623603E-002  7.18388536468115430E-002
   3245.5358810489370       6.42462520581024293E-002  7.24261767389390854E-002
   3250.0368670191224       6.43215538558093158E-002  7.30170681311146375E-002
   3254.5440279218615       6.44012468187855069E-002  7.36115208336338145E-002
   3259.0574393688976       6.44910525144736929E-002  7.42095541620629434E-002
   3263.5771100285037       6.45848237869014463E-002  7.48111786055262878E-002
   3268.1030485809747       6.46999110901083502E-002  7.54164045954867218E-002
   3272.6352637186442       6.48305634111651374E-002  7.60252425050113589E-002
   3277.1737641458985       6.49657995390584136E-002  7.66377026480355300E-002
   3281.7185585791963       6.51247894293254803E-002  7.72537952786288978E-002
   3286.2696557470840       6.52826334902700117E-002  7.78735305902616831E-002
   3290.8270643902133       6.54564850035621731E-002  7.84969187150718756E-002
   3295.3907932613570       6.56309973056398155E-002  7.91239697231317929E-002
   3299.9608511254255       6.58202847503238653E-002  7.97546936217178176E-002
   3304.5372467594866       6.60090999176877191E-002  8.03891003545787464E-002
   3309.1199889527775       6.62057463333408508E-002  8.10271998012059153E-002
   3313.7090865067262       6.64173670554675105E-002  8.16690017761047132E-002
   3318.3045482349658       6.66286382648870329E-002  8.23145160280657207E-002
   3322.9063829633533       6.68469769161341848E-002  8.29637522394390398E-002
   3327.5145995299831       6.70722071164734646E-002  8.36167200254069043E-002
   3332.1292067852078       6.73043300892596091E-002  8.42734289332605080E-002
   3336.7502135916543       6.75428400264321410E-002  8.49338884416753065E-002
   3341.3776288242398       6.77878431940000387E-002  8.55981079599894834E-002
   3346.0114613701876       6.80385230438528554E-002  8.62660968274827078E-002
   3350.6517201290480       6.82870371937430859E-002  8.69378643126569040E-002
   3355.2984140127128       6.85487089529311228E-002  8.76134196125177567E-002
   3359.9515519454312       6.88152593950147051E-002  8.82927718518580762E-002
   3364.6112122758295       6.90863756352333575E-002  8.89759402805940514E-002
   3369.2772652251915       6.93616792089837564E-002  8.96629135377053910E-002
   3373.9497890708176       6.96408392384350317E-002  9.03537106683882651E-002
   3378.6287927865669       6.99235240649961481E-002  9.10483405014492625E-002
   3383.3142853587428       7.02094347795402807E-002  9.17468117899227498E-002
   3388.0062757861115       7.04981442557324617E-002  9.24491332103651309E-002
   3392.7047730799172       7.07895324596789083E-002  9.31553133621497859E-002
   3397.4097862639023       7.10745349565998913E-002  9.38653607667637863E-002
   3402.1213243743232       7.13336390447770197E-002  9.45792838671079827E-002
   3406.8393964599663       7.15830197525224726E-002  9.52970910267971483E-002
   3411.5640115821693       7.18103089006735112E-002  9.60187905294640903E-002
   3416.2951788148348       7.20032254005394390E-002  9.67443905780650953E-002
   3421.0329072444492       7.21738286146864222E-002  9.74738992941864141E-002
   3425.7772059700997       7.23173880398010616E-002  9.82073247173553682E-002
   3430.5280841034933       7.24280087186100902E-002  9.89446748043519009E-002
   3435.2855507689719       7.24980282839781526E-002  9.96859574285229866E-002
   3440.0496151035318       7.25199160420750000E-002  0.10043118037909983     
   3444.8202862568405       7.24824566764370876E-002  0.10118035136051709     
   3449.5975733912542       7.23751488589908926E-002  0.10193347799173438     
   3454.3814856818344       7.21853199799974837E-002  0.10269056780556171     
   3459.1720323163695       7.18978929206691292E-002  0.10345162824798532     
   3463.9692224953856       7.14989203019977815E-002  0.10421666667749790     
   3468.7730654321713       7.09806297246791812E-002  0.10498569036443187     
   3473.5835703527910       7.03342766222816301E-002  0.10575870649029330     
   3478.4007464961037       6.95466050107861472E-002  0.10653572214710043     
   3483.2246749727788       6.86035698062958943E-002  0.10731675599308789     
   3488.0552214289773       6.75005278263033498E-002  0.10810179168639575     
   3492.8924669015305       6.62623736815484421E-002  0.10889084764330395     
   3497.7364206806546       6.52489970327963520E-002  0.10968393059131819     
   3502.5870920694501       6.46268262528596205E-002  0.11048104716519157     
   3507.4444903839171       6.38447558384368924E-002  0.11128220390627945     
   3512.3086249529770       6.29557021285790386E-002  0.11208740726190033     
   3517.1795051184877       6.18903346949677621E-002  0.11289666358469828     
   3522.0571402352630       6.08543847826434198E-002  0.11370997913200810     
   3526.9415396710888       5.99528734441485966E-002  0.11452736006522449     
   3531.8327128067440       6.01470546307369403E-002  0.11534881244917670     
   3536.7306690360151       6.06268393745388740E-002  0.11617434225150189     
   3541.6354177657172       6.13262252920758963E-002  0.11700395534202689     
   3546.5469684157110       6.19908373786968794E-002  0.11783765749215071     
   3551.4653304189187       6.24827444919604930E-002  0.11867545437423120     
   3556.3905132213463       6.23554392310069969E-002  0.11951735156097582     
   3561.3225262820984       6.30144006223748582E-002  0.12036335452483524     
   3566.2613790733976       6.29298530354067687E-002  0.12121346863740243     
   3571.2070810806035       6.27975982388472576E-002  0.12206769916881355     
   3576.1596418022282       6.25792299179863537E-002  0.12292605128715348     
   3581.1190707499586       6.25002073699991306E-002  0.12378853005786551     
   3586.0853774486704       6.14142420742622430E-002  0.12465514044316563     
   3591.0585714364497       6.06351627388397804E-002  0.12552588730145875     
   3596.0386622646106       5.90569429665955062E-002  0.12640077538676076     
   3601.0256594977104       5.74847326051639226E-002  0.12727980934812422     
   3606.0195727135733       5.53041935845377947E-002  0.12816299372906809     
   3611.0204115033052       5.28233156450671204E-002  0.12905033296701177     
   3616.0281854713121       5.00936954894052391E-002  0.12994183139271284     
   3621.0429042353203       4.69471639615451283E-002  0.13083749322971025     
   3626.0645774263944       4.39201086884405401E-002  0.13173732259377072     
   3631.0932146889531       4.09171145981654452E-002  0.13264132349233942     
   3636.1288256807934       3.78317981830571873E-002  0.13354949982399708     
   3641.1714200731039       3.51046413902265583E-002  0.13446185537791858     
   3646.2210075504845       3.20046479060479908E-002  0.13537839383333813     
   3651.2775978109667       2.96537632662116218E-002  0.13629911875901859     
   3656.3412005660316       2.77241420520115689E-002  0.13722403361272509     
   3661.4118255406283       2.55892865563549059E-002  0.13815314174070367     
   3666.4896337527034       2.41089484521614210E-002  0.13908647422651477     
   3671.5743326049674       2.27166617121035141E-002  0.14002397861819657     
   3676.6660829328944       2.17954529834650072E-002  0.14096568564871495     
   3681.7648945154906       2.09164728057123911E-002  0.14191159821311350     
   3686.8707771453264       2.05166721044725726E-002  0.14286171909238057     
   3691.9837406285505       2.02042756317646378E-002  0.14381605095295563     
   3697.1037947849122       2.01564718331653757E-002  0.14477459634624126     
   3702.2309494477781       2.04327526382510651E-002  0.14573735770812118     
   3707.3652144641519       2.07967956188604280E-002  0.14670433735848185     
   3712.5065996946937       2.13839699468644645E-002  0.14767553750073972     
   3717.6551150137379       2.22479487170883644E-002  0.14865096022137417     
   3722.8107703093119       2.34883809547371189E-002  0.14963060748946441     
   3727.9735754831577       2.50856344313564496E-002  0.15061448115623255     
   3733.1435404507465       2.68999343270852030E-002  0.15160258295459153     
   3738.3206751413036       2.89366485678614303E-002  0.15259491449869844     
   3743.5049894978210       3.13250718833350400E-002  0.15359147728351316     
   3748.6964934770822       3.52721891092777143E-002  0.15459227268436221     
   3753.8951970496760       4.00527182393402154E-002  0.15559730195650742     
   3759.1011102000216       4.47905921306636021E-002  0.15660656623472202     
   3764.3142429263830       4.93874828524075299E-002  0.15762006653286972     
   3769.5346052408891       5.36205476945475976E-002  0.15863780374349054     
   3774.7622071695546       5.79277849440289067E-002  0.15965977863739247     
   3779.9970587522989       6.16522641375902986E-002  0.16068599186324828     
   3785.2391700429639       6.60783275774137202E-002  0.16171644394719731     
   3790.4885511093339       6.98021261811306304E-002  0.16275113529245389     
   3795.7452120331559       7.35233279888866109E-002  0.16379006617892117     
   3801.0091629101589       7.64264562845856921E-002  0.16483323676281100     
   3806.2804138500701       8.00698353761094966E-002  0.16588064707626729     
   3811.5589749766405       8.37158120504803149E-002  0.16693229702699944     
   3816.8448564276578       8.64557630530468219E-002  0.16798818639791735     
   3822.1380683549710       8.91571443179483697E-002  0.16904831484677479     
   3827.4386209245058       9.26757573782985566E-002  0.17011268190581758     
   3832.7465243162869       9.52458348806010380E-002  0.17118128698143795     
   3838.0617887244571       9.77584304435356322E-002  0.17225412935383533     
   3843.3844243572958       0.10021263073533605       0.17333120817668171     
   3848.7144414372401       0.10261371866280704       0.17441252247679548     
   3854.0518502009031       0.10496693840758048       0.17549807115381783     
   3859.3966608990931       0.10725739119781860       0.17658785297989887     
   3864.7488837968349       0.10852571384549065       0.17768186659938640     
   3870.1085291733907       0.11066706586702048       0.17878011052852466     
   3875.4756073222752       0.11276952930257875       0.17988258315515468     
   3880.8501285512802       0.11480316862080649       0.18098928273842527     
   3886.2321031824908       0.11581092443850902       0.18210020740850619     
   3891.6215415523084       0.11773455790444008       0.18321535516631099     
   3897.0184540114678       0.11862224227206071       0.18433472388322411     
   3902.4228509250584       0.12042478560257246       0.18545831130083404     
   3907.8347426725441       0.12118228218886706       0.18658611503067457     
   3913.2541396477832       0.12285919681953454       0.18771813255397032     
   3918.6810522590490       0.12350505101064836       0.18885436122139015     
   3924.1154909290467       0.12409170898134141       0.18999479825280616     
   3929.5576282286465       0.12558120351424248       0.19113947487854596     
   3935.0071505669139       0.12606280889419277       0.19228831989828696     
   3940.4642303191508       0.12648588577669331       0.19344136415445032     
   3945.9288779660028       0.12685122706180635       0.19459860434143747     
   3951.4011040026471       0.12715969180629283       0.19576003702174447     
   3956.8809189388194       0.12741219737677359       0.19692565862576120     
   3962.3683332988276       0.12760971234765972       0.19809546545157516     
   3967.8633576215752       0.12775324741446029       0.19926945366478246     
   3973.3660024605820       0.12628622261175698       0.20044761929830585     
   3978.8762783840020       0.12634202978526049       0.20162995825221769     
   3984.3941959746467       0.12635303889565608       0.20281646629357225     
   3989.9197658300031       0.12632243961004669       0.20400713905624143     
   3995.4529985622548       0.12625240116964043       0.20520197204075977     
   4000.9939047983025       0.12614109488460321       0.20640096061417462     
   4006.5424951797850       0.12598939888766708       0.20760410000990329     
   4012.0987803630974       0.12580130450917779       0.20881138532759741     
   4017.6627710194148       0.12560175383251726       0.21002281153301344     
   4023.2344778347092       0.12538938720549359       0.21123837345788907     
   4028.8139115097742       0.12515105627137513       0.21245806579982943     
   4034.4010827602419       0.12488773655038367       0.21368188312219566     
   4039.9960023166050       0.12461736175404123       0.21490981985400412     
   4045.5986809242372       0.12432925107317309       0.21614187028982945     
   4051.2091293434141       0.12403080704443922       0.21737802858971658     
   4056.8273583493346       0.12373356499746795       0.21861828877909856     
   4062.4533787321388       0.12341368507082555       0.21986264474872061     
   4068.0872012969321       0.12310423869603630       0.22111109025457262     
   4073.7288368638042       0.12277625499582719       0.22236361891782641     
   4079.3782962678488       0.12246300576228514       0.22362022422478167     
   4085.0355903591881       0.12216085305914426       0.22488089952681789     
   4090.7007300029891       0.12187362401032524       0.22614563804035229     
   4096.3737260794878       0.12161840049504012       0.22741443284680760     
   4102.0545894840088       0.12138146413270991       0.22868727689258161     
   4107.7433311269870       0.12116914587451733       0.22996416298902994     
   4113.4399619339856       0.12098843546210232       0.23124508381244896     
   4119.1444928457222       0.12081202597845327       0.23253003190407251     
   4124.8569348180854       0.12064116449543827       0.23381899967006836     
   4130.5772988221588       0.12047611324678927       0.23511197938154824     
   4136.3055958442374       0.12031488383265863       0.23640896317457941     
   4142.0418368858564       0.12015851520412114       0.23770994305020721     
   4147.7860329638061       0.12000726087594957       0.23901491087448182     
   4153.5381951101544       0.11986185024553575       0.24032385837849216     
   4159.2983343722681       0.11972315886213800       0.24163677715840831     
   4165.0664618128358       0.11959161600839317       0.24295365867553004     
   4170.8425885098886       0.11946826580258642       0.24427449425634148     
   4176.6267255568173       0.11935410865922505       0.24559927509257309     
   4182.4188840624020       0.11925077308223951       0.24692799224127160     
   4188.2190751508224       0.11915943270255631       0.24826063662487494     
   4194.0273099616907       0.11908183849076856       0.24959719903129640     
   4199.8435996500657       0.11901922833281608       0.25093767011401291     
   4205.6679553864742       0.11897295511525398       0.25228204039216323     
   4211.5005621236223       0.11894477197891345       0.25363034044957472     
   4217.3410837706515       0.11893567691724669       0.25498248025454362     
   4223.1897050706675       0.11894736571396750       0.25633849000710246     
   4229.0464372562956       0.11898013586198214       0.25769835969013610     
   4234.9112915757332       0.11903414116173928       0.25906207915277557     
   4240.7842792927822       0.11910785563635491       0.26042963811053943     
   4246.6654116868622       0.11920174593264303       0.26180102614547679     
   4252.5547000530350       0.11931345501699292       0.26317623270631879     
   4258.4521557020289       0.11944216704926137       0.26455524710863920     
   4264.3577899602551       0.11958532289079951       0.26593805853501767     
   4270.2716141698329       0.11974122070628973       0.26732465603521310     
   4276.1936396886131       0.11990819165604140       0.26871502852634277     
   4282.1238778901952       0.12008475198198607       0.27010916479306840     
   4288.0623401639523       0.12026965405559564       0.27150705348778820     
   4294.0090379150524       0.12046137893927121       0.27290868313083788     
   4299.9639825644808       0.12065915110853814       0.27431404211069516     
   4305.9271855490606       0.12086180229104947       0.27572311868419463     
   4311.8986583214746       0.12106883237315984       0.27713590097674629     
   4317.8784123502910       0.12127911747396863       0.27855237698256369     
   4323.8664591199813       0.12149214378520588       0.27997253456489668     
   4329.8628101309432       0.12170752236313323       0.28139636145627112     
   4335.8674768995215       0.12192485724997859       0.28282384525873555     
   4341.8804709580363       0.12214357932700282       0.28425497344411754     
   4347.9018038547974       0.12236331482926742       0.28568973335427977     
   4353.9314871541310       0.12258365609397166       0.28712811220139028     
   4359.9695324364011       0.12280434388755690       0.28857009706819525     
   4366.0159512980290       0.12302531017249710       0.29001567490829794     
   4372.0707553515213       0.12324630532029759       0.29146483254644789     
   4378.1339562254861       0.12346721729293007       0.29291755667883235     
   4384.2055655646609       0.12368784861900767       0.29437383387337823     
   4390.2855950299290       0.12390803996200017       0.29583365057005706     
   4396.3740562983485       0.12412768916356547       0.29729699308119983     
   4402.4709610631662       0.12434671503158379       0.29876384759181523     
   4408.5763210338519       0.12456503837205152       0.30023420015991786     
   4414.6901479361077       0.12478268795773317       0.30170803671685886     
   4420.8124535119014       0.12499984595822695       0.30318534306766748     
   4426.9432495194824       0.12521612610770058       0.30466610489139495     
   4433.0825477334065       0.12543146745153630       0.30615030774146768     
   4439.2303599445604       0.12564604885832531       0.30763793704604597     
   4445.3866979601798       0.12585960474983676       0.30912897810838819     
   4451.5515736038769       0.12607203837534878       0.31062341610722310     
   4457.7249987156592       0.12628334408263212       0.31212123609712672     
   4463.9069851519562       0.12649351762941158       0.31362242300890764     
   4470.0975447856354       0.12670255481101367       0.31512696164999526     
   4476.2966895060363       0.12691045010127469       0.31663483670483955     
   4482.5044312189812       0.12711719937703206       0.31814603273531017     
   4488.7207818468050       0.12732279810175465       0.31966053418110962     
   4494.9457533283776       0.12752724177989430       0.32117832536018426     
   4501.1793576191249       0.12773052595703133       0.32269939046915036     
   4507.4216066910512       0.12793264622001732       0.32422371358371749     
   4513.6726987670872       0.12813358762352045       0.32575132418671604     
   4519.9322736420954       0.12833336696805703       0.32728211515397088     
   4526.2005293143684       0.12853196940811151       0.32881611563241125     
   4532.4774778224610       0.12872939069699682       0.33035330921852279     
   4538.7631312216254       0.12892562662997178       0.33189367939011699     
   4545.0575015838303       0.12912067304436767       0.33343720950679318     
   4551.3606009977848       0.12931452630528012       0.33498388281040931     
   4557.6724415689660       0.12950718207356610       0.33653368242555809     
   4563.9930354196358       0.12969863620494257       0.33808659136004848     
   4570.3223946888693       0.12988888435839097       0.33964259250539253     
   4576.6605315325742       0.13007792312804781       0.34120166863729923     
   4583.0074581235194       0.13026574788465403       0.34276380241617493     
   4589.3631866513506       0.13045235548146389       0.34432897638762583     
   4595.7277293226207       0.13063774155305891       0.34589717298297118     
   4602.1010983608121       0.13082190258357140       0.34746837451975793     
   4608.4833060063538       0.13100483483676037       0.34904256320228266     
   4614.8743645166560       0.13118653461963239       0.35061972112212186     
   4621.2742861661236       0.13136699793154871       0.35219983025866192     
   4627.6830832461847       0.13154622185448669       0.35378287247963980     
   4634.1007680653120       0.13172420211867683       0.35536882954168636     
   4640.5273529490505       0.13190093593233870       0.35695768309087778     
   4646.9628502400365       0.13207641907497503       0.35854941466329010     
   4653.4072722980218       0.13225064848550011       0.36014400568555899     
   4659.8606314999006       0.13242362077700540       0.36174143747544701     
   4666.3229402397310       0.13259533260654466       0.36334169124241583     
   4672.7942109287605       0.13276578067520589       0.36494474808820088     
   4679.2744559954454       0.13293496172817973       0.36655058900739534     
   4685.7636878854801       0.13310287255482475       0.36815919488803661     
   4692.2619190618179       0.13326950998872916       0.36977054651219893     
   4698.7691620046971       0.13343487090776848       0.37138462455659149     
   4705.2854292116626       0.13359895180869899       0.37300140959316058     
   4711.8107331975907       0.13376175050474887       0.37462088208969851     
   4718.3450864947126       0.13392326358613751       0.37624302241045449     
   4724.8885016526410       0.13408348767707681       0.37786781081675541     
   4731.4409912383926       0.13424242073682033       0.37949522746762765     
   4738.0025678364109       0.13440005948265468       0.38112525242042394     
   4744.5732440485899       0.13455640066837726       0.38275786563145592     
   4751.1530324943051       0.13471144239641433       0.38439304695663523     
   4757.7419458104268       0.13486518107696741       0.38603077615211095     
   4764.3399966513534       0.13501761446892588       0.38767103287492088     
   4770.9471976890327       0.13516874037450821       0.38931379668364102     
   4777.5635616129839       0.13531855534014317       0.39095904703904349     
   4784.1891011303260       0.13546705725838765       0.39260676330475675     
   4790.8238289657993       0.13561424406374872       0.39425692474793211     
   4797.4677578617911       0.13576011244206834       0.39590951053991419     
   4804.1209005783594       0.13590466041833466       0.39756449975691482     
   4810.7832698932589       0.13604788563090431       0.39922187138069398     
   4817.4548786019632       0.13618978576311633       0.40088160429924241     
   4824.1357395176910       0.13633035854330444       0.40254367730746965     
   4830.8258654714336       0.13646960174480793       0.40420806910789869     
   4837.5254689084686       0.13660750191311630       0.40587480796691405     
   4844.2341637792033       0.13674407944605596       0.40754377316068585     
   4850.9521622881639       0.13687932099053596       0.40921499270624118     
   4857.6794773376623       0.13701322449996969       0.41088844494355764     
   4864.4161218479067       0.13714578797278909       0.41256410812374966     
   4871.1621087570193       0.13727700945244042       0.41424196040978861     
   4877.9174510210696       0.13740688702737633       0.41592197987722213     
   4884.6821616140905       0.13753541883104700       0.41760414451490196     
   4891.4562535281084       0.13766260304188721       0.41928843222571083     
   4898.2397397731684       0.13778843788330183       0.42097482082729915     
   4905.0326333773564       0.13791292162364882       0.42266328805281900     
   4911.8349473868266       0.13803605257621976       0.42435381155166813     
   4918.6466948658244       0.13815782909921737       0.42604636889023312     
   4925.4678888967155       0.13827824959573146       0.42774093755263870     
   4932.2985425800061       0.13839731251371232       0.42943749494149891     
   4939.1386690343697       0.13851501634594096       0.43113601837867355     
   4945.9882813966742       0.13863135962999781       0.43283648510602873     
   4952.8473928220046       0.13874634094822910       0.43453887228619764     
   4959.7160164836914       0.13885995892770955       0.43624315700334837     
   4966.5941655733313       0.13897221224020465       0.43794931626395367     
   4973.4818533008183       0.13908309960212906       0.43965732699756249     
   4980.3790928943608       0.13919261977450373       0.44136716605757853     
   4987.2858976005191       0.13930077156290938       0.44307881022203915     
   4994.2022806842178       0.13940755381743922       0.44479223619439767     
   5001.1282554287800       0.13951296543264871       0.44650742060431131     
   5008.0638351359503       0.13961700534750227       0.44822434000842676     
   5015.0090331259198       0.13971967254531886       0.44994297089117791     
   5021.9638627373515       0.13982096605371525       0.45166328966557678     
   5028.9283373274066       0.13992088494454583       0.45338527267401313     
   5035.9024702717725       0.14001942833384134       0.45510889618905781     
   5042.8862749646814       0.14011659538174551       0.45683413641426251     
   5049.8797648189457       0.14021238613088169       0.45856096948497155     
   5056.8829532659747       0.14030679937784216       0.46028937146912863     
   5063.8958537558046       0.14039983422681646       0.46201931836808985     
   5070.9184797571306       0.14049148941285469       0.46375078611744019     
   5077.9508447573162       0.14058176525649868       0.46548375058780977     
   5084.9929622624368       0.14067065993462549       0.46721818758569489     
   5092.0448457972943       0.14075817415490940       0.46895407285428087     
   5099.1065089054482       0.14084430648865581       0.47069138207426814     
   5106.1779651492425       0.14092905694416435       0.47243009086469878     
   5113.2592281098250       0.14101242511748580       0.47417017478378842     
   5120.3503113871802       0.14109441064786729       0.47591160932975624     
   5127.4512286001527       0.14117501261160911       0.47765436994166310     
   5134.5619933864755       0.14125423192305889       0.47939843200024657     
   5141.6826194027917       0.14133206712895019       0.48114377082875937     
   5148.8131203246840       0.14140851929694501       0.48289036169381333     
   5155.9535098467031       0.14148358699362443       0.48463817980622065     
   5163.1038016823886       0.14155727075599828       0.48638720032184074     
   5170.2640095642982       0.14162957052457459       0.48813739834242698     
   5177.4341472440346       0.14170048628234194       0.48988874891647549     
   5184.6142284922726       0.14177001805466161       0.49164122704007868     
   5191.8042670987825       0.14183816590915702       0.49339480765777605     
   5199.0042768724570       0.14190492995560014       0.49514946566340828     
   5206.2142716413427       0.14197031034579380       0.49690517590097799     
   5213.4342652526602       0.14203430727345190       0.49866191316550401     
   5220.6642715728349       0.14209692023942652       0.50041965220388240     
   5227.9043044875207       0.14215815098354734       0.50217836771574920     
   5235.1543779016292       0.14221799909704427       0.50393803435434026     
   5242.4145057393562       0.14227646419522716       0.50569862672736010     
   5249.6847019442039       0.14233354816383004       0.50746011939784363     
   5256.9649804790179       0.14238925070660524       0.50922248688502547     
   5264.2553553260004       0.14244357155513263       0.51098570366520879     
   5271.5558404867506       0.14249651273427963       0.51274974417263397     
   5278.8664499822789       0.14254807330885355       0.51451458280034912     
   5286.1871978530453       0.14259825463748715       0.51628019390108504     
   5293.5180981589783       0.14264705811598860       0.51804655178812464     
   5300.8591649795053       0.14269448293395870       0.51981363073618092     
   5308.2104124135803       0.14274053056983591       0.52158140498227001     
   5315.5718545797081       0.14278520253629923       0.52334984872658763     
   5322.9435056159737       0.14282849815157939       0.52511893613338767     
   5330.3253796800682       0.14287041901014133       0.52688864133185953     
   5337.7174909493197       0.14291096600012826       0.52865893841700562     
   5345.1198536207130       0.14295014004928489       0.53042980145052354     
   5352.5324819109246       0.14298794212481100       0.53220120446168484     
   5359.9553900563442       0.14302437323321382       0.53397312144821607     
   5367.3890352304797       0.14305941080960696       0.53574563192917779     
   5374.8325464887293       0.14309310315420309       0.53751849876458624     
   5382.2863804307808       0.14312542778576320       0.53929180138654187     
   5389.7505513721626       0.14315638586651219       0.54106551367541256     
   5397.2250736482565       0.14318597859721952       0.54283960948443466     
   5404.7099616143250       0.14321420721704176       0.54461406264059720     
   5412.2052296455386       0.14324107300336408       0.54638884694552570     
   5419.7108921370027       0.14326657727164022       0.54816393617636816     
   5427.2269635037856       0.14329072137523105       0.54993930408667591     
   5434.7534581809459       0.14331350670524162       0.55171492440729220     
   5442.2903906235642       0.14333493469035685       0.55349077084723619     
   5449.8377753067625       0.14335500679667595       0.55526681709458769     
   5457.3956267257417       0.14337372452754518       0.55704303681737111     
   5464.9639593958000       0.14339108942338993       0.55881940366444216     
   5472.5427878523715       0.14340710306154397       0.56059589126637333     
   5480.1321266510413       0.14342176705607973       0.56237247323633488     
   5487.7319903675843       0.14343508305763472       0.56414912317098354     
   5495.3423935979890       0.14344705275323860       0.56592581465134562     
   5502.9633509584846       0.14345767786613811       0.56770252124369880     
   5510.5948770855694       0.14346696015562055       0.56947921650045963     
   5518.2369866360432       0.14347490141683669       0.57125587396106514     
   5525.8896942870251       0.14348150348062236       0.57303246715285394     
   5533.5530147359977       0.14348676821331777       0.57480896959195260     
   5541.2269627008181       0.14349069751658725       0.57658535478415385     
   5548.9115529197579       0.14349329332723690       0.57836159622580041     
   5556.6068001515278       0.14349455761703100       0.58013766740466521     
   5564.3127191753047       0.14349449239250758       0.58191354180083044     
   5572.0293247907612       0.14349309969479304       0.58368919288756771     
   5579.7566318180952       0.14349038159941513       0.58546459413221685     
   5587.4946550980585       0.14348634021611506       0.58723971899706562     
   5595.2434094919809       0.14348097768865936       0.58901454094022154     
   5603.0029098818022       0.14347429619464896       0.59078903341649303     
   5610.7731711701044       0.14346629794532886       0.59256316987826330     
   5618.5542082801330       0.14345698518539590       0.59433692377636282     
   5626.3460361558291       0.14344636019280602       0.59611026856094440     
   5634.1486697618611       0.14343442527857991       0.59788317768235433     
   5641.9621240836450       0.14342118278660840       0.59965562459200283     
   5649.7864141273858       0.14340663509345644       0.60142758274323682     
   5657.6215549200924       0.14339078460816612       0.60319902559220351     
   5665.4675615096176       0.14337363377205936       0.60496992659872173     
   5673.3244489646804       0.14335518505853867       0.60674025922714847     
   5681.1922323748968       0.14333544097288817       0.60850999694723806     
   5689.0709268508135       0.14331440405207255       0.61027911323501249     
   5696.9605475239259       0.14329207686453671       0.61204758157361971     
   5704.8611095467186       0.14326846201000273       0.61381537545419207     
   5712.7726280926881       0.14324356211926759       0.61558246837670938     
   5720.6951183563733       0.14321737985399918       0.61734883385085471     
   5728.6285955533858       0.14318991790653179       0.61911444539686822     
   5736.5730749204386       0.14316117899966088       0.62087927654640385     
   5744.5285717153720       0.14313116588643737       0.62264330084338038     
   5752.4951012171905       0.14309988134996024       0.62440649184483132     
   5760.4726787260843       0.14306732820316950       0.62616882312175626     
   5768.4613195634611       0.14303350928863803       0.62793026825996490     
   5776.4610390719808       0.14299842747836244       0.62969080086092455     
   5784.4718526155757       0.14296208567355378       0.63145039454260288     
   5792.4937755794899       0.14292448680442696       0.63320902294030768     
   5800.5268233702973       0.14288563443485949       0.63496665970752886     
   5808.5710114159438       0.14284553122573801       0.63672327851677457     
   5816.6263551657667       0.14280418005705270       0.63847885306040442     
   5824.6928700905319       0.14276158353922805       0.64023335705146789     
   5832.7705716824576       0.14271774542354196       0.64198676422452983     
   5840.8594754552469       0.14267266790995198       0.64373904833650175     
   5848.9595969441179       0.14262635502163529       0.64549018316746998     
   5857.0709517058331       0.14257880923506674       0.64724014252151729     
   5865.1935553187304       0.14253003406019149       0.64898890022754618     
   5873.3274233827497       0.14248003270463758       0.65073643014009919     
   5881.4725715194654       0.14242880840263689       0.65248270614017601     
   5889.6290153721156       0.14237636397758491       0.65422770213604620     
   5897.7967706056343       0.14232270357469967       0.65597139206406663     
   5905.9758529066776       0.14226782962481330       0.65771374988948805     
   5914.1662779836579       0.14221174637361081       0.65945474960726180     
   5922.3680615667699       0.14215445625573320       0.66119436524284658     
   5930.5812194080245       0.14209596312330652       0.66293257085301183     
   5938.8057672812774       0.14203627039181382       0.66466934052663407     
   5947.0417209822599       0.14197538150163605       0.66640464838549862     
   5955.2890963286054       0.14191329991783058       0.66813846858508796     
   5963.5479091598891       0.14185002912990838       0.66987077531538053     
   5971.8181753376484       0.14178557265161060       0.67160154280163231     
   5980.0999107454172       0.14171993402068381       0.67333074530516801     
   5988.3931312887607       0.14165311679865289       0.67505835712416362     
   5996.6978528952986       0.14158512404059878       0.67678435259442371     
   6005.0140915147394       0.14151596041093911       0.67850870609016167     
   6013.3418631189106       0.14144562901555027       0.68023139202477390     
   6021.6811837017913       0.14137413297148121       0.68195238485160958     
   6030.0320692795403       0.14130147702741042       0.68367165906474059     
   6038.3945358905266       0.14122766434896730       0.68538918919972880     
   6046.7685995953616       0.14115269811527145       0.68710494983438231     
   6055.1542764769292       0.14107658315317961       0.68881891558952235     
   6063.5515826404198       0.14099932214476271       0.69053106112973350     
   6071.9605342133564       0.14092091942078613       0.69224136116411938     
   6080.3811473456253       0.14084137933008606       0.69394979044705296     
   6088.8134382095150       0.14076070462101106       0.69565632377892017     
   6097.2574229997372       0.14067889968662503       0.69736093600686466     
   6105.7131179334647       0.14059596893557133       0.69906360202553075     
   6114.1805392503593       0.14051191518412290       0.70076429677779339     
   6122.6597032126047       0.14042674288379817       0.70246299525549871     
   6131.1506261049371       0.14034045596707323       0.70415967250018796     
   6139.6533242346759       0.14025305838621727       0.70585430360382817     
   6148.1678139317555       0.14016455411306872       0.70754686370953190     
   6156.6941115487580       0.14007494713881166       0.70923732801227946     
   6165.2327422164408       0.13998421837073127       0.71092577222856079     
   6173.7827055273165       0.13989241805922420       0.71261197059290482     
   6182.3445259530281       0.13979952713417812       0.71429599905610841     
   6190.9182199370589       0.13970554966192289       0.71597783302774720     
   6199.5038039456940       0.13961048972701623       0.71765744797280606     
   6208.1012944680579       0.13951435143202071       0.71933481941238131     
   6216.7107080161368       0.13941713889728011       0.72100992292437149     
   6225.3320611248200       0.13931885626069646       0.72268273414417161     
   6233.9653703519261       0.13921950767750715       0.72435322876535746     
   6242.6106522782356       0.13911909732006217       0.72602138254037052     
   6251.2679235075238       0.13901762937760126       0.72768717128119564     
   6259.9372006665935       0.13891510805603133       0.72935057086004140     
   6268.6185004053023       0.13881153757770440       0.73101155721000644     
   6277.3118393966006       0.13870692218119518       0.73267010632574969     
   6286.0172343365603       0.13860126612107926       0.73432619426415791     
   6294.7347019444078       0.13849457366771162       0.73597979714500106     
   6303.4642589625528       0.13838684910700455       0.73763089115159097     
   6312.2059221566287       0.13827809674020694       0.73927945253143601     
   6320.9597083155149       0.13816832088368303       0.74092545759688555     
   6329.7256342513765       0.13805752586869174       0.74256888272577859     
   6338.5037167996925       0.13794571604116609       0.74420970436208278     
   6347.2939728192905       0.13783289576149313       0.74584789901652948     
   6356.0964191923749       0.13771906940429426       0.74748344326724880     
   6364.9110728245660       0.13760424135820520       0.74911631376039767     
   6373.7379506449270       0.13748841602565712       0.75074648721078341     
   6382.5770696059981       0.13737159782265768       0.75237394040248606     
   6391.4284466838326       0.13725379117857231       0.75399865018947132     
   6400.2920988780215       0.13713500053590605       0.75562059349620581     
   6409.1680432117337       0.13701523035008603       0.75723974731826504     
   6418.0562967317455       0.13689448508924346       0.75885608872293364     
   6426.9568765084723       0.13677276923399712       0.76046959484981047     
   6435.8697996360061       0.13665008727723615       0.76208024291139931     
   6444.7950832321403       0.13652644372390432       0.76368801019370181     
   6453.7327444384127       0.13640184309078379       0.76529287405680657     
   6462.6828004201279       0.13627628990628007       0.76689481193546782     
   6471.6452683663993       0.13614978871020669       0.76849380133968703     
   6480.6201654901761       0.13602234405357083       0.77008981985528580     
   6489.6075090282784       0.13589396049835956       0.77168284514447416     
   6498.6073162414332       0.13576464261732579       0.77327285494642095     
   6507.6196044142998       0.13563439499377572       0.77485982707780965     
   6516.6443908555129       0.13550322222135563       0.77644373943339717     
   6525.6816928977069       0.13537112890384043       0.77802456998656644     
   6534.7315278975566       0.13523811965492161       0.77960229678987680     
   6543.7939132358042       0.13510419909799676       0.78117689797560219     
   6552.8688663172961       0.13496937186595798       0.78274835175627500     
   6561.9564045710185       0.13483364260098338       0.78431663642521998     
   6571.0565454501238       0.13469701595432659       0.78588173035708242     
   6580.1693064319734       0.13455949658610811       0.78744361200835811     
   6589.2947050181610       0.13442108916510728       0.78900225991791018     
   6598.4327587345560       0.13428179836855450       0.79055765270748968     
   6607.5834851313293       0.13414162888192399       0.79210976908224584     
   6616.7469017829953       0.13400058539872714       0.79365858783123633     
   6625.9230262884357       0.13385867262030721       0.79520408782792817     
   6635.1118762709393       0.13371589525563332       0.79674624803069860     
   6644.3134693782386       0.13357225802109621       0.79828504748332940     
   6653.5278232825349       0.13342776564030406       0.79982046531549356     
   6662.7549556805407       0.13328242321367520       0.80135248074324716     
   6671.9948842935109       0.13313623527822810       0.80288107306950385     
   6681.2476268672726       0.13298920649456761       0.80440622168451448     
   6690.5132011722662       0.13284134134784253       0.80592790606633757     
   6699.7916250035760       0.13269264501029163       0.80744610578130738     
   6709.0829161809625       0.13254312169401875       0.80896080048449281     
   6718.3870925489000       0.13239277671577995       0.81047196992016213     
   6727.7041719766103       0.13224161443464016       0.81197959392222907     
   6737.0341723580950       0.13208963983110769       0.81348365241470522     
   6746.3771116121734       0.13193685768928110       0.81498412541214427     
   6755.7330076825092       0.13178327279824753       0.81648099302007926     
   6765.1018785376573       0.13162888968458220       0.81797423543545866     
   6774.4837421710872       0.13147371367206759       0.81946383294707559     
   6783.8786166012233       0.13131774902393950       0.82094976593599545     
   6793.2865198714762       0.13116100110244197       0.82243201487597317     
   6802.7074700502826       0.13100347415000474       0.82391056033387366     
   6812.1414852311327       0.13084517326506523       0.82538538297007691     
   6821.5885835326117       0.13068610326689170       0.82685646353889297     
   6831.0487830984312       0.13052626897821940       0.82832378288895669     
   6840.5221020974632       0.13036567522505860       0.82978732196362925     
   6850.0085587237772       0.13020432683650499       0.83124706180138985     
   6859.5081711966732       0.13004222864454934       0.83270298353622163     
   6869.0209577607211       0.12987938548388786       0.83415506839800024     
   6878.5469366857878       0.12971580219173234       0.83560329771286701     
   6888.0861262670815       0.12955148328359967       0.83704765290360572     
   6897.6385448251776       0.12938643424737428       0.83848811549001034     
   6907.2042107060624       0.12922065960474316       0.83992466708925173     
   6916.7831422811632       0.12905416387259919       0.84135728941623666     
   6926.3753579473841       0.12888695255369775       0.84278596428396091     
   6935.9808761271415       0.12871903016945666       0.84421067360386126     
   6945.5997152684040       0.12855040123778910       0.84563139938616227     
   6955.2318938447188       0.12838107127219098       0.84704812374021676     
   6964.8774303552555       0.12821104446125028       0.84846082887484009     
   6974.5363433248367       0.12804032599024828       0.84986949709864401     
   6984.2086513039758       0.12786892104237835       0.85127411082036242     
   6993.8943728689137       0.12769683380918126       0.85267465254917674     
   7003.5935266216511       0.12752406947633593       0.85407110489502580     
   7013.3061311899864       0.12735063322579529       0.85546345056892725     
   7023.0322052275496       0.12717652925271139       0.85685167238328130     
   7032.7717674138439       0.12700176274046707       0.85823575325217438     
   7042.5248364542731       0.12682633854176484       0.85961567619167645     
   7052.2914310801825       0.12665026150862552       0.86099142432013920     
   7062.0715700488954       0.12647353649221804       0.86236298085848206     
   7071.8652721437466       0.12629616834269025       0.86373032913047643     
   7081.6731405543578       0.12611814109443972       0.86509353360419750     
   7091.4940261661441       0.12593950125367268       0.86645241547458385     
   7101.3285314116374       0.12576023282252780       0.86780703966886186     
   7111.1766751785854       0.12558034064539439       0.86915738992497560     
   7121.0384763809307       0.12539982956480836       0.87050345008507424     
   7130.9139539588459       0.12521870442128893       0.87184520409576938     
   7140.8031268787699       0.12503697005317579       0.87318263600838697     
   7150.7060141334450       0.12485463129646726       0.87451572997921367     
   7160.6226347419506       0.12467169298465988       0.87584447026974221     
   7170.5530077497433       0.12448815994858796       0.87716884124690453     
   7180.4971522286924       0.12430403701626541       0.87848882738331113     
   7190.4550872771151       0.12411932901272722       0.87980441325747338     
   7200.4268320198153       0.12393404075987284       0.88111558355403186     
   7210.4124056081173       0.12374817707631006       0.88242232306397339     
   7220.4118272199057       0.12356174277720013       0.88372461668484792     
   7230.4251160596632       0.12337474267410314       0.88502244942097719     
   7240.4522913585015       0.12318718157482600       0.88631580638365959     
   7250.4933723742033       0.12299906428326932       0.88760467279137267     
   7260.5483783912605       0.12281039559927670       0.88888903396996977     
   7270.6173287209067       0.12262118031848453       0.89016887535286848     
   7280.7002427011548       0.12243142323217308       0.89144418248124213     
   7290.7971396968387       0.12224112912711781       0.89271494100420012     
   7300.9080390996460       0.12205030278544272       0.89398113667896539     
   7311.0329603281571       0.12185894898447379       0.89524275537104991     
   7321.1719228278807       0.12166707249659395       0.89649978305442213     
   7331.3249460712959       0.12147467808909877       0.89775220581167159     
   7341.4920495578845       0.12128177052405334       0.89900000983417028     
   7351.6732528141683       0.12108835455815017       0.90024318142222537     
   7361.8685753937516       0.12089443494256774       0.90148170698523211     
   7372.0780368773540       0.12070001642283039       0.90271557304182004     
   7382.3016568728499       0.12050510373866921       0.90394476621999498     
   7392.5394550153069       0.12030970162388387       0.90516927325727481     
   7402.7914509670218       0.12011381480620525       0.90638908100082571     
   7413.0576644175571       0.11991744800715959       0.90760417640758650     
   7423.3381150837868       0.11972060594193269       0.90881454654439697     
   7433.6328227099202       0.11952329331923683       0.91002017858811424     
   7443.9418070675556       0.11932551484117654       0.91122105982573098     
   7454.2650879557059       0.11912727520311706       0.91241717765448282     
   7464.6026852008417       0.11892857909355335       0.91360851958195699     
   7474.9546186569305       0.11872943119397961       0.91479507322619613     
   7485.3209082054746       0.11852983617876031       0.91597682631579125     
   7495.7015737555439       0.11832979871500246       0.91715376668997928     
   7506.0966352438209       0.11812932346242826       0.91832588229872980     
   7516.5061126346372       0.11792841507324912       0.91949316120283142     
   7526.9300259200081       0.11772707819204090       0.92065559157397037     
   7537.3683951196772       0.11752531745561960       0.92181316169480787     
   7547.8212402811487       0.11732313749291882       0.92296585995905178     
   7558.2885814797310       0.11712054292486739       0.92411367487152252     
   7568.7704388185712       0.11691753836426895       0.92525659504821822     
   7579.2668324286969       0.11671412841568175       0.92639460921637373     
   7589.7777824690520       0.11651031767529972       0.92752770621451353     
   7600.3033091265379       0.11630611073083519       0.92865587499250390     
   7610.8434326160523       0.11610151216140124       0.92977910461159841     
   7621.3981731805252       0.11589652653739686       0.93089738424448032     
   7631.9675510909583       0.11569096566072672       0.93201070317530099     
   7642.5515866464702       0.11545689069729864       0.93311905079971214     
   7653.1503001743231       0.11517079372274322       0.93422241662489713     
   7663.7637120299778       0.11486182996123628       0.93532079026959647     
   7674.3918425971160       0.11453255549876257       0.93641416146412693     
   7685.0347122876929       0.11418025380912614       0.93750252005040269     
   7695.6923415419678       0.11380041050532058       0.93858585598194355     
   7706.3647508285503       0.11335911720355137       0.93966415932388903     
   7717.0519606444304       0.11284418410934954       0.94073742025300000     
   7727.7539915150301       0.11227615908723010       0.94180562905766207     
   7738.4708639942310       0.11165904883508239       0.94286877613788012     
   7749.2025986644203       0.11111419861715219       0.94392685200527238     
   7759.9492161365279       0.11051147206002745       0.94497984728306139     
   7770.7107370500707       0.10980847391763100       0.94602775270605566     
   7781.4871820731860       0.10903301159382646       0.94707055912063387     
   7792.2785719026733       0.10836250996284826       0.94810825748471994     
   7803.0849272640335       0.10773267483300761       0.94914083886775558     
   7813.9062689115135       0.10702234449945328       0.95016829445067308     
   7824.7426176281388       0.10621639960502044       0.95119061552585760     
   7835.5939942257583       0.10529079325780734       0.95220779349710971     
   7846.4604195450811       0.10423496926451803       0.95321981987960303     
   7857.3419144557229       0.10295359028409966       0.95422668629983931     
   7868.2384998562366       0.10157678702003664       0.95522838449559611     
   7879.1501966741571       9.98428231625938939E-002  0.95622490631587431     
   7890.0770258660468       9.78563360484581424E-002  0.95721624372084246     
   7901.0190084175238       9.55457909832360952E-002  0.95820238878177244     
   7911.9761653433170       9.29678165874848611E-002  0.95918333368097652     
   7922.9485176872913       9.00724475706283084E-002  0.96015907071173690     
   7933.9360865224990       8.67532644141628118E-002  0.96112959227823536     
   7944.9388929512161       8.31302961516096062E-002  0.96209489089547562     
   7955.9569581049836       7.93537465454448865E-002  0.96305495918920370     
   7966.9903031446465       7.52618879359482768E-002  0.96400978989582642     
   7978.0389492603972       7.10736869210745054E-002  0.96495937586232072     
   7989.1029176718121       6.68765348638390433E-002  0.96590371004614695     
   8000.1822296278997       6.27085564234188125E-002  0.96684278551515113     
   8011.2769064071335       5.87653060365217195E-002  0.96777659544747063     
   8022.3869693174947       5.50818223313649935E-002  0.96870513313142925     
   8033.5124396965175       5.17456218565861062E-002  0.96962839196543416     
   8044.6533389113256       4.88470048759442194E-002  0.97054636545786876     
   8055.8096883586732       4.65277571904532602E-002  0.97145904722697718     
   8066.9815094649930       4.52322355082718230E-002  0.97236643100075448     
   8078.1688236864247       4.46748986101699400E-002  0.97326851061681940     
   8089.3716525088685       4.41108648965725866E-002  0.97416528002230263     
   8100.5900174480184       4.34416999632921477E-002  0.97505673327371212     
   8111.8239400494094       4.27642303415487063E-002  0.97594286453680790     
   8123.0734418884549       4.23302484409888297E-002  0.97682366808647048     
   8134.3392158168117       4.22615629698215589E-002  0.97769919027759777     
   8145.6199419080122       4.21621420947349973E-002  0.97856932134276620     
   8156.9163121440879       4.24466772181026075E-002  0.97943410817216436     
   8168.2283482203839       4.32214283624104620E-002  0.98029354547576530     
   8179.5560718623346       4.51126226808532885E-002  0.98114762807195022     
   8190.8995048255038       4.86650324513481156E-002  0.98199635088735315     
   8202.2586688956271       5.23662955954951326E-002  0.98283970895670936     
   8213.6335858886468       5.61356350157936473E-002  0.98367769742269517     
   8225.0242776507675       5.93352147280401809E-002  0.98451031153576618     
   8236.4307660584855       6.27216840098154538E-002  0.98533754665399143     
   8247.8530730186358       6.65947004767626916E-002  0.98615939824288712     
   8259.2912204684344       6.95123280327215043E-002  0.98697586187524300     
   8270.7452303755199       7.24833828940554953E-002  0.98778693323095090     
   8282.2151247379970       7.54799142786316130E-002  0.98859260809682370     
   8293.7009255844769       7.84825800944699281E-002  0.98939288236641942     
   8305.2026549741167       8.14775874029614322E-002  0.99018775203985288     
   8316.7203349966694       8.32857771153884263E-002  0.99097721322361221     
   8328.2539877725194       8.61813834371115695E-002  0.99176126213036886     
   8339.8036354527321       8.80664886874768932E-002  0.99253989507878493     
   8351.3693002190867       8.96751657862593921E-002  0.99331310849331655     
   8362.9510042841266       9.13337443773699076E-002  0.99408089890401774     
   8374.5487698911984       9.38426733715707201E-002  0.99484326294633674     
   8386.1626193144984       9.50787610487415918E-002  0.99560019736091354     
   8397.7925748591133       9.63138784587994901E-002  0.99635169899337317     
   8409.4386588610560       9.73394472084028878E-002  0.99709776479411338     
   8421.1008936873241       9.75910544053753271E-002  0.99783839181809453     
   8432.7793017359254       9.93109338730320673E-002  0.99857357722462337     
   8444.4739054359379       0.10108817584670997       0.99930331827713359     
   8456.1847272475334       0.10269181247621537        1.0000276123429670     
   8467.9117896620446       0.10340343678590427        1.0007464568931486     
   8479.6551152019820       0.10499378968595086        1.0014598495021578     
   8491.4147264211024       0.10652543643199403        1.0021677878477049     
   8503.1906459044312       0.10698037203188328        1.0028702697104934     
   8514.9828962683205       0.10854645168614194        1.0035672929739896     
   8526.7915001604833       0.10877232319717367        1.0042588556241838     
   8538.6164802600415       0.10914002253213873        1.0049449557493508     
   8550.4578592775706       0.11025824778234714        1.0056255915398080     
   8562.3156599551367       0.11046671243112323        1.0063007612876691     
   8574.1899050663487       0.11081321126260206        1.0069704633866008     
   8586.0806174163972       0.11175717717403123        1.0076346963315677     
   8597.9878198420975       0.11169770774954851        1.0082934587185846     
   8609.9115352119370       0.11185350602671623        1.0089467492444577     
   8621.8517864261157       0.11175598958919843        1.0095945667065311     
   8633.8085964165930       0.11163847118405117        1.0102369100024242     
   8645.7819881471296       0.11150068944504062        1.0108737781297716     
   8657.7719846133296       0.11134887245185643        1.0115051701859574     
   8669.7786088426947       0.10981226189691781        1.0121310853678498     
   8681.8018838946555       0.10965776217831424        1.0127515229715303     
   8693.8418328606203       0.10948869470631471        1.0133664823920243     
   8705.8984788640264       0.10889637193683567        1.0139759631230247     
   8717.9718450603741       0.10870122438407680        1.0145799647566192     
   8730.0619546372782       0.10833738352931950        1.0151784869830098     
   8742.1688308145076       0.10784727012750041        1.0157715295902325     
   8754.2924968440348       0.10760589482232305        1.0163590924638757     
   8766.4329760100791       0.10693631448628282        1.0169411755867952     
   8778.5902916291470       0.10652953634421659        1.0175177790388257     
   8790.7644670500813       0.10600012820366443        1.0180889029964946     
   8802.9555256541080       0.10556625702722684        1.0186545477327278     
   8815.1634908548749       0.10486026871991690        1.0192147136165590     
   8827.3883860985043       0.10429849726600668        1.0197694011128333     
   8839.6302348636236       0.10383235859707705        1.0203186107819073     
   8851.8890606614350       0.10310454078901862        1.0208623432793547     
   8864.1648870357349       0.10236746997254054        1.0214005993556621     
   8876.4577375629724       0.10162577867978438        1.0219333798559247     
   8888.7676358522986       0.10088169243484735        1.0224606857195422     
   8901.0946055455970       0.10013843633232981        1.0229825179799121     
   8913.4386703175423       9.92335574961151073E-002   1.0234988777641190     
   8925.7998538756437       9.85035826560734656E-002   1.0240097662926262     
   8938.1781799602850       9.74702150030370557E-002   1.0245151848789593     
   8950.5736723447699       9.67704310188026717E-002   1.0250151349293943     
   8962.9863548353787       9.60869726304074273E-002   1.0255096179426382     
   8975.4162512713992       9.54234098029816680E-002   1.0259986355095139     
   8987.8633855251846       9.47793377677409593E-002   1.0264821893126381     
   9000.3277815021938       9.41565961659436568E-002   1.0269602811260992     
   9012.8094631410331       9.35577599508452262E-002   1.0274329128151349     
   9025.3084544135127       9.29847594785390003E-002   1.0279000863358050     
   9037.8247793246828       9.24431890039682930E-002   1.0283618037346680     
   9050.3584619128869       9.19265185028299014E-002   1.0288180671484450     
   9062.9095262498049       9.14311969209796183E-002   1.0292688788036997     
   9075.4779964404952       9.09577209431077505E-002   1.0297142410164974     
   9088.0638966234510       9.05022602974917129E-002   1.0301541561920757     
   9100.6672509706350       9.00635670865372745E-002   1.0305886268245090     
   9113.2880836875374       8.96421708385614358E-002   1.0310176554963708     
   9125.9264190132126       8.92352958310490968E-002   1.0314412448783956     
   9138.5822812203332       8.88404410309340808E-002   1.0318593977291413     
   9151.2556946152272       8.84354961949115059E-002   1.0322721168946420     
   9163.9466835379371       8.80257020294541864E-002   1.0326794053080741     
   9176.6552723622590       8.76189178137163072E-002   1.0330812659894042     
   9189.3814854957855       8.72148505618460801E-002   1.0334777020450476     
   9202.1253473799643       8.68080978945904996E-002   1.0338687166675196     
   9214.8868824901365       8.63982485257148991E-002   1.0342543131350874     
   9227.6661153355835       8.59764524659862722E-002   1.0346344948114214     
   9240.4630704595784       8.55294853853411641E-002   1.0350092651452429     
   9253.2777724394291       8.50624945247269865E-002   1.0353786276699706     
   9266.1102458865316       8.45718548595622704E-002   1.0357425860033704     
   9278.9605154464080       8.40360681074328875E-002   1.0361011438471963     
   9291.8286057987625       8.34614884846853200E-002   1.0364543049868344     
   9304.7145416575204       8.28626564221630335E-002   1.0368020732909502     
   9317.6183477708873       8.22552335518135780E-002   1.0371444527111233     
   9330.5400489213844       8.16719521820381544E-002   1.0374814472814911     
   9343.4804409506578       8.13721907300589270E-002   1.0378130807042338     
   9356.4380077297665       8.11147078284077117E-002   1.0381393176858067     
   9369.4135441014569       8.08203159758882905E-002   1.0384601824119688     
   9382.4070749860166       8.05388496183484098E-002   1.0387756792434677     
   9395.4186253382886       8.03647070300859967E-002   1.0390858126217903     
   9408.4482201477258       8.02026731093297279E-002   1.0393905870687961     
   9421.4958844384364       7.99873896355638297E-002   1.0396900071863495     
   9434.5616432692295       7.99274597205972548E-002   1.0399840776559524     
   9447.6455217336697       7.97386472920780659E-002   1.0402728032383712     
   9460.7475449601170       7.94934708265720297E-002   1.0405561887732686     
   9473.8677381117850       7.93779836237194364E-002   1.0408342391788306     
   9487.0061263867774       7.92766003959552851E-002   1.0411069594513933     
   9500.1627350181498       7.90681927056434142E-002   1.0413743546650722     
   9513.3375892739423       7.90211221901704480E-002   1.0416364299713814     
   9526.5307144572471       7.88734633537086227E-002   1.0418931905988627     
   9539.7421359062373       7.87052635800200712E-002   1.0421446418527112     
   9552.9718789942308       7.85950394037277650E-002   1.0423907891143900     
   9566.2199691297319       7.84814906282257779E-002   1.0426316378412601     
   9579.4864317564807       7.83713318378817525E-002   1.0428671935661979     
   9592.7712923535037       7.83265030435895127E-002   1.0430974618972146     
   9606.0745764351595       7.82676573566050832E-002   1.0433224485170776     
   9619.3963095511972       7.82254230713486098E-002   1.0435421591829275     
   9632.7365172867867       7.81807286346161423E-002   1.0437565997258980     
   9646.0952252625902       7.81670583893923493E-002   1.0439657760507308     
   9659.4724591347967       7.80101906880258239E-002   1.0441696941353940     
   9672.8682445951708       7.79675230350274362E-002   1.0443683600306961     
   9686.2826073711149       7.78300283323092867E-002   1.0445617798599043     
   9699.7155732257052       7.78395926250153580E-002   1.0447499598183554     
   9713.1671679577466       7.78564371275806966E-002   1.0449329061730710     
   9726.6374174018219       7.77014849436247906E-002   1.0451106252623719     
   9740.1263474283423       7.75682123552974556E-002   1.0452831234954887     
   9753.6339839435968       7.75604500653156864E-002   1.0454504073521758     
   9767.1603528897995       7.74472544571589289E-002   1.0456124833823230     
   9780.7054802451403       7.72795898572827128E-002   1.0457693582055629     
   9794.2693920238398       7.73022526376615227E-002   1.0459210385108857     
   9807.8521142761929       7.71313826536510483E-002   1.0460675310562493     
   9821.4536730886175       7.69549703106349459E-002   1.0462088426681835     
   9835.0740945837169       7.68075486124216444E-002   1.0463449802414053     
   9848.7134049203123       7.66191959840895193E-002   1.0464759507384236     
   9862.3716302935081       7.64090593111305671E-002   1.0466017611891494     
   9876.0487969347323       7.62074993232422226E-002   1.0467224186905011     
   9889.7449311117944       7.58493204581438263E-002   1.0468379304060140     
   9903.4600591289272       7.56364190132990943E-002   1.0469483035654483     
   9917.1942073268474       7.54181990542005382E-002   1.0470535454643914     
   9930.9474020827984       7.51950172036156411E-002   1.0471536634638685     
   9944.7196698106054       7.49303774027696712E-002   1.0472486649899471     
   9958.5110369607210       7.46987072754045772E-002   1.0473385575333398     
   9972.3215300202810       7.44635236327433614E-002   1.0474233486490159     
   9986.1511755131578       7.42248922166967029E-002   1.0475030459557992     
   10000.000000000000       7.39844111971729446E-002   1.0475776571359794     
