   4178.16433577011        2.88323925885873        3.31862653638533     
   4186.41724188333        2.69792310231124        3.33143294043161     
   4194.68644952369        2.46850818310742        3.34422668935532     
   4202.97199185528        2.18904285445247        3.35700739691302     
   4211.27389824760        1.86944779760569        3.36977467149352     
   4219.59220295279        1.52541797407900        3.38252812951594     
   4227.92694224269        1.18800181732661        3.39526739097144     
   4236.27814081743       0.891055377618567        3.40799205872326     
   4244.64583506926       0.663558400571019        3.42070175408865     
   4253.03006148538       0.520012379471988        3.43339609905274     
   4261.43084100071       0.455519304600856        3.44607469271340     
   4269.84822195919       0.446964425457966        3.45873717620893     
   4278.28222932903       0.468658635125018        3.47138315604886     
   4286.73288808135       0.503169226380465        3.48401223959464     
   4295.20024684710       0.544013315633151        3.49662407026401     
   4303.68433074277       0.596950978198616        3.50921825705376     
   4312.18516488772       0.667525465886084        3.52179440988669     
   4320.70279026910       0.753699508585537        3.53435216298805     
   4329.23725595019       0.853820947843973        3.54689116307821     
   4337.78856340182       0.971180206911701        3.55941098782669     
   4346.35676178707        1.11714496998346        3.57191128586974     
   4354.94190046052        1.29614853274612        3.58439170667237     
   4363.54398090175        1.50202105952593        3.59685183104418     
   4372.16305256573        1.72607100008183        3.60929131050258     
   4380.79916510007        2.05806539146729        3.62170979745193     
   4389.45231999315        2.61744261651520        3.63410687605412     
   4398.12256699358        3.11425825675091        3.64648220089981     
   4406.80995604374        3.56604686800271        3.65883542752364     
   4415.51448864085        3.94005333108242        3.67116614364791     
   4424.23621482890        4.25620993579140        3.68347400712477     
   4432.97518484681        4.51236956332239        3.69575867680605     
   4441.73140020068        4.76646096094378        3.70801974417844     
   4450.50491123163        4.95270851491554        3.72025687053972     
   4459.29575210288        5.06485687690016        3.73246969553919     
   4468.10395704512        5.15430437106566        3.74465786007893     
   4476.92959323415        5.17029763691913        3.75682105155319     
   4485.77262934598        5.10780283742652        3.76895882289751     
   4494.63313262723        5.07922847922910        3.78107086420664     
   4503.51113757985        5.03151372570869        3.79315682159577     
   4512.40667877394        4.96909163672532        3.80521634253305     
   4521.31979084789        4.89338044687364        3.81724907585904     
   4530.25054177757        4.80020517335344        3.82925471643480     
   4539.19889986592        4.68873417368203        3.84123282654336     
   4548.16493316047        4.57468778066510        3.85318310398837     
   4557.14867657410        4.45918901793489        3.86510520329198     
   4566.15016508865        4.34552840712543        3.87699878044380     
   4575.16943375504        4.23551910057861        3.88886349291940     
   4584.20655135877        4.12983028597679        3.90069904369047     
   4593.26148582525        4.02962717527304        3.91250500516489     
   4602.33430601246        3.93225848622402        3.92428108348640     
   4611.42504724911        3.83622890588601        3.93602694225562     
   4620.53374493367        3.74141631177951        3.94774224664886     
   4629.66043453454        3.64704507940406        3.95942666343547     
   4638.80515159017        3.61893932797542        3.97107986099511     
   4647.96796584278        3.60124529946368        3.98270155252638     
   4657.14884477165        3.59345249434494        3.99429132317790     
   4666.34785819253        3.58039571988713        4.00584888957126     
   4675.56504192549        3.57616388785460        4.01737392669571     
   4684.80043186137        3.56367540244960        4.02886611123402     
   4694.05406396188        3.55195744779472        4.04032512157865     
   4703.32600879988        3.53076257795732        4.05175068030569     
   4712.61623346733        3.50559075404525        4.06314238423177     
   4721.92480861150        3.46723962582710        4.07449995955629     
   4731.25177047907        3.41532043901639        4.08582309166741     
   4740.59715538835        3.35182960000819        4.09711146774050     
   4749.96099972937        3.33690310959025        4.10836477675316     
   4759.34333996404        3.33599600207905        4.11958270949984     
   4768.74421262631        3.34196987600993        4.13076495860652     
   4778.16365432226        3.34470138968789        4.14191121854496     
   4787.60177204829        3.35590695994006        4.15302126820407     
   4797.05846205817        3.36819181954701        4.16409464040172     
   4806.53383135473        3.37259644565754        4.17513111805972     
   4816.02791683412        3.38710335887001        4.18613040317274     
   4825.54075546543        3.38950798603761        4.19709219965007     
   4835.07238429073        3.39898187973333        4.20801621332879     
   4844.62284042527        3.39299810684302        4.21890215198677     
   4854.19216105761        3.37779307719701        4.22974972535539     
   4863.78038344978        3.36757646752128        4.24055864513217     
   4873.38754493739        3.35555637943994        4.25132862499308     
   4883.01368292981        3.34283439482909        4.26205938060475     
   4892.65883491030        3.32960170022114        4.27275062963642     
   4902.32303843617        3.31635225021378        4.28340209177173     
   4912.00640328408        3.30352607716410        4.29401356755252     
   4921.70882301197        3.29140712521003        4.30458462275989     
   4931.43040740311        3.28008186820234        4.31511506232075     
   4941.17119431241        3.26966947185998        4.32560461408996     
   4950.93122166958        3.26024556248936        4.33605300799260     
   4960.71052747921        3.25155972290974        4.34645997603451     
   4970.50914982099        3.24347598092371        4.35682525231268     
   4980.32712684982        3.23589573000312        4.36714857302539     
   4990.16449679596        3.22873891185342        4.37742967648215     
   5000.02129796519        3.22191446208174        4.38766830311350     
   5009.89756873894        3.21007949509602        4.39786419548053     
   5019.79334757449        3.19512591131222        4.40801709828423     
   5029.70874687897        3.17881248857033        4.41812683346065     
   5039.64365765976        3.16512792171747        4.42819299952120     
   5049.59819233075        3.14919601759751        4.43821542304949     
   5059.57238965396        3.13050213586898        4.44819385739567     
   5069.56628846795        3.10801135207853        4.45812805809352     
   5079.57992768800        3.08076619126346        4.46801778286861     
   5089.61334630628        3.04773817512767        4.47786279164626     
   5099.66658339196        3.00786483443184        4.48766284655927     
   5109.73967809137        2.96026114254087        4.49741771195545     
   5119.83266962818        2.90460278854751        4.50712715440501     
   5129.94559730354        2.84201250555179        4.51679094270767     
   5140.07850049622        2.77444433262049        4.52640884789961     
   5150.23141866278        2.78146798747540        4.53598064326024     
   5160.40446713124        2.82492751618428        4.54550617504503     
   5170.59753407682        2.86411638075182        4.55498507923932     
   5180.81073483448        2.91148940285323        4.56441720696271     
   5191.04410917343        2.95973228850561        4.57380234053101     
   5201.29769694146        3.00259423575049        4.58314026453404     
   5211.57153806507        3.02047295957979        4.59243076584119     
   5221.86567254959        3.04791716392328        4.60167363360677     
   5232.18014047942        3.04036420470575        4.61086865927522     
   5242.51498201809        3.03514838721486        4.62001563658607     
   5252.87023740849        2.98850773560499        4.62911436157872     
   5263.24594697301        2.92739682283742        4.63816463259707     
   5273.64215111365        2.84257245645238        4.64716625029388     
   5284.05896792195        2.82625628727017        4.65611908408939     
   5294.49628289358        2.86210457446379        4.66502280599207     
   5304.95421412715        2.89744039015256        4.67387729042455     
   5315.43280234485        2.93550631404094        4.68268234731533     
   5325.93208834930        2.97858032258164        4.69143778892097     
   5336.45211302372        3.02191782802184        4.70014342982929     
   5346.99291733207        3.06077503289818        4.70879908696249     
   5357.55454231923        3.09071587390867        4.71740457958001     
   5368.13702911117        3.12186655783565        4.72595972928126     
   5378.74041891507        3.13745729520436        4.73446436000809     
   5389.36475301952        3.14929784237504        4.74291829804717     
   5400.01007279467        3.14165469479281        4.75132137203208     
   5410.67641969236        3.11477377457383        4.75967341294533     
   5421.36383524633        3.09751472919140        4.76797425412011     
   5432.07236107237        3.07770668678959        4.77622373124187     
   5442.80203886842        3.05647843056625        4.78442168234980     
   5453.55291041485        3.03479610414753        4.79256794783800     
   5464.32501757452        3.01337300801478        4.80066237045657     
   5475.11840229297        2.99288681487611        4.80870479531253     
   5485.93326774811        2.97369152312564        4.81669518842690     
   5496.76933407069        2.95596765113738        4.82463316172981     
   5507.62680428712        2.93986694707700        4.83251868673638     
   5518.50572067535        2.92526034999633        4.84035161798647     
   5529.40612559685        2.91213781890840        4.84813181237861     
   5540.32806149674        2.90021706559247        4.85585912916984     
   5551.27157090400        2.88930123494008        4.86353342997534     
   5562.23669643161        2.87921093150611        4.87115457876797     
   5573.22348077672        2.86978854657352        4.87872244187755     
   5584.23196672082        2.86090687335005        4.88623688799007     
   5595.26219712989        2.85243849364746        4.89369778814664     
   5606.31421495460        2.84428648868649        4.90110501574232     
   5617.38806323044        2.83636525678008        4.90845844652480     
   5628.48378507793        2.82861725445475        4.91575795859289     
   5639.60142370274        2.82099294798115        4.92300343239485     
   5650.74102239590        2.81345108356975        4.93019475072656     
   5661.90262453393        2.80595716398440        4.93733179872955     
   5673.08627357905        2.79859821915007        4.94441446388884     
   5684.29201307931        2.79126238496595        4.95144263603061     
   5695.51988666880        2.78391016955286        4.95841620731983     
   5706.76993806777        2.77654188670637        4.96533507225752     
   5718.04221108285        2.76915785056014        4.97219912767808     
   5729.33674960720        2.76175837426751        4.97900827274631     
   5740.65359762067        2.75434377320901        4.98576240895437     
   5751.99279918998        2.74691435358047        4.99246144011851     
   5763.35456776764        2.73742301281623        4.99910537086631     
   5774.73860933155        2.72411075333855        5.00569391184712     
   5786.14513717507        2.71023519989843        5.01222707314169     
   5797.57419571414        2.70049400901988        5.01870476782753     
   5809.02582945240        2.69335872816008        5.02512691128792     
   5820.50008298144        2.68626024864039        5.03149342120779     
   5831.99700098089        2.68078912238391        5.03780421756948     
   5843.51662821865        2.67734438821684        5.04405922264834     
   5855.05900955105        2.67346605946000        5.05025836100821     
   5866.62418992303        2.66956405162519        5.05640155949675     
   5878.21221436827        2.66498520169920        5.06248874724062     
   5889.82312800945        2.66040264669127        5.06851985564056     
   5901.45697605834        2.65468298146319        5.07449481836632     
   5913.11380381605        2.64818962807038        5.08041357135142     
   5924.79365667314        2.64034093796011        5.08627605278783     
   5936.49658010984        2.63197160539144        5.09208220312049     
   5948.22261969621        2.62378547521777        5.09783196504173     
   5959.97182109234        2.61539271842100        5.10352528348552     
   5971.74423004848        2.60686277700340        5.10916210562159     
   5983.53989240528        2.59831103657656        5.11474238084952     
   5995.35885409391        2.58940759700295        5.12026606079256     
   6007.20116113628        2.57432859653654        5.12573309929145     
   6019.06685964519        2.55743091154800        5.13114345239803     
   6030.95599582456        2.54282049620243        5.13649707836883     
   6042.86861596952        2.52779348905812        5.14179393765840     
   6054.80494432681        2.51052755416052        5.14703407049456     
   6066.76467200573        2.49023336563946        5.15221728569764     
   6078.74802308581        2.46604606517309        5.15734362870347     
   6090.75504422908        2.43689629696856        5.16241306869070     
   6102.78578218972        2.40151474783161        5.16742557700135     
   6114.84028381428        2.35843206386691        5.17238112713356     
   6126.91859604183        2.30608630175140        5.17727969473419     
   6139.02076590417        2.24293550900444        5.18212125759133     
   6151.14684052598        2.16782910750584        5.18690579562672     
   6163.29686712505        2.08051121610530        5.19163329088804     
   6175.47089301242        1.98009216519068        5.19630372754108     
   6187.66896559256        1.87072153121239        5.20091709186187     
   6199.89113236362        1.76651964118503        5.20547337222864     
   6212.13744091754        1.76681272275542        5.20997255911372     
   6224.40793894027        1.87397359347016        5.21441464507531     
   6236.70267421197        1.97181169226568        5.21879962474924     
   6249.02169460714        2.06887536131459        5.22312749484047     
   6261.36504809488        2.16579730818639        5.22739825411466     
   6273.73278273904        2.25150839959297        5.23161190338959     
   6286.12494669837        2.31539500955405        5.23576844552642     
   6298.54158822678        2.34894719435909        5.23986788542096     
   6310.98275567349        2.36738115113318        5.24391022999481     
   6323.44849748322        2.34331572870075        5.24789548818640     
   6335.93886219636        2.29532773814470        5.25182367094195     
   6348.45389844921        2.20048553122445        5.25569479120636     
   6360.99384182854        2.06296006496219        5.25950892026678     
   6373.55836782319        1.92938923037514        5.26326596148338     
   6386.14771184431        1.79016683366570        5.26696599094348     
   6398.76192291358        1.72960958242773        5.27060902949384     
   6411.40105014954        1.83201520155352        5.27419509993313     
   6424.06514276775        1.93600352032202        5.27772422700222     
   6436.75425008096        2.03170982343371        5.28119643737460     
   6449.46842149936        2.13552092906389        5.28461175964654     
   6462.20770653069        2.23702029076967        5.28797022432734     
   6474.97215478053        2.32772727653085        5.29127186382939     
   6487.76181595241        2.42722222643972        5.29451671245822     
   6500.57673984805        2.50107401159321        5.29770480640246     
   6513.41697636754        2.54420170672732        5.30083618372373     
   6526.28257550952        2.57864836471877        5.30391088434651     
   6539.17358737142        2.57715470069990        5.30692895004784     
   6552.09006214959        2.53982781845497        5.30989042444711     
   6565.03205013956        2.51693671998840        5.31279535299559     
   6577.99960173618        2.48598240830578        5.31564378296612     
   6590.99276743387        2.44866270828895        5.31843576344257     
   6604.01159782676        2.40755996754430        5.32117134530929     
   6617.05614360894        2.36358240032942        5.32385058124054     
   6630.12645557462        2.31713537231592        5.32647352568986     
   6643.22258461835        2.28109135582990        5.32904023487929     
   6656.34458173519        2.25122139877728        5.33155076678870     
   6669.49249802095        2.22628153011548        5.33400518114490     
   6682.66658097593        2.20597799421564        5.33640357469650     
   6695.86648967858        2.19023947637126        5.33874593922723     
   6709.09247144468        2.17771562116819        5.34103237575914     
   6722.34457777494        2.16650246810864        5.34326295089785     
   6735.62286027178        2.15693156376986        5.34543773294116     
   6748.92737063958        2.14911314705217        5.34755679186791     
   6762.25816068481        2.14060340476638        5.34962019932690     
   6775.61528231630        2.13235998303979        5.35162802862565     
   6788.99878754541        2.12242543074988        5.35358035471924     
   6802.40872848623        2.11185222367736        5.35547725419897     
   6815.84515735577        2.10176118927506        5.35731880528111     
   6829.30812647421        2.09116221320900        5.35910508779553     
   6842.79768826507        2.08108159310909        5.36083618317433     
   6856.31389525540        2.07113062845536        5.36251217444046     
   6869.85680007602        2.06136313853545        5.36413314619621     
   6883.42645546171        2.05182110189615        5.36569918461179     
   6897.02291425141        2.04250876846606        5.36721037741377     
   6910.64622938842        2.03342149073238        5.36866681387359     
   6924.29645392064        2.02455065165229        5.37006858479596     
   6937.97364100073        2.01602217699485        5.37141578250725     
   6951.67784388635        2.00709358452723        5.37270850084392     
   6965.40911594035        1.99667648375116        5.37394683514079     
   6979.16751063099        1.98597234163137        5.37513088221944     
   6992.95308153215        1.97508443316762        5.37626074037645     
   7006.76588232352        1.96472526662947        5.37733650937174     
   7020.60596679083        1.95805385670021        5.37835829041677     
   7034.47338882603        1.95228736996086        5.37932618616283     
   7048.36820242755        1.94645433390818        5.38024030068920     
   7062.29046170046        1.94126154832889        5.38110073949141     
   7076.24022085670        1.93573630357824        5.38190760946939     
   7090.21753421530        1.93007399617797        5.38266101891563     
   7104.22245620259        1.92460399151090        5.38336107750337     
   7118.25504135238        1.91872364903376        5.38400789627471     
   7132.31534430623        1.91229820707802        5.38460158762873     
   7146.40341981360        1.90573049378801        5.38514226530962     
   7160.51932273212        1.89847228065033        5.38563004439481     
   7174.66310802775        1.89049718533241        5.38606504128300     
   7188.83525311965        1.88247656549046        5.38644738428249     
   7203.03496933619        1.87222610722506        5.38677716963586     
   7217.26273348171        1.86138949990518        5.38705452980063     
   7231.51860095776        1.84995944783635        5.38727958634159     
   7245.80262727533        1.83799280418251        5.38745246208517     
   7260.11486805504        1.82698343040443        5.38757328110754     
   7274.45537902740        1.82118981601160        5.38764216872264     
   7288.82421603299        1.81342874311318        5.38765925147024     
   7303.22143502267        1.79806436183697        5.38762465710403     
   7317.64709205784        1.78083548561452        5.38753851457962     
   7332.10124331063        1.76411708073608        5.38740095404260     
   7346.58394506413        1.74405325337925        5.38721210681664     
   7361.09525371258        1.71778438596362        5.38697210539150     
   7375.63522576163        1.68422760896905        5.38668108341112     
   7390.20391782855        1.64276492678478        5.38633917566166     
   7404.80138664243        1.59249575481992        5.38594651805963     
   7419.42768904441        1.53519036104360        5.38550324763987     
   7434.08288198792        1.46734693772986        5.38500950254377     
   7448.76702253887        1.38299109782542        5.38446542200722     
   7463.48016787591        1.27960356734081        5.38387114634884     
   7478.22237529061        1.15604731809883        5.38322681695802     
   7492.99370218772        1.01457682265901        5.38253257628304     
   7507.79420608537       0.860240498444449        5.38178856781928     
   7522.62394461531       0.703357494959602        5.38099493609727     
   7537.48297552312       0.558184088995677        5.38015182667094     
   7552.37135666845       0.439765028251730        5.37925938610574     
   7567.28914602523       0.359958486489418        5.37831776196684     
   7582.23640168190       0.322175619996252        5.37732710280735     
   7597.21318184164       0.321115180088880        5.37628755815655     
   7612.21954482261       0.346244368059100        5.37519927850810     
   7627.25554905814       0.387356949318646        5.37406241530833     
   7642.32125309701       0.437716054847309        5.37287712094450     
   7657.41671560361       0.494333665891444        5.37164354873309     
   7672.54199535823       0.556472351439109        5.37036185290812     
   7687.69715125727       0.625665892992781        5.36903218860952     
   7702.88224231346       0.706394020205568        5.36765471187144     
   7718.09732765608       0.850887492843721        5.36622957961066     
   7733.34246653123        1.10473183694173        5.36475694961499     
   7748.61771830200        1.32757518476742        5.36323698053167     
   7763.92314244879        1.51537405490889        5.36166983185590     
   7779.25879856943        1.66171473649235        5.36005566391923     
   7794.62474637951        1.77258186627244        5.35839463787811     
   7810.02104571255        1.85630421122212        5.35668691570241     
   7825.44775652029        1.88499812237539        5.35493266016398     
   7840.90493887284        1.87953504901454        5.35313203482523     
   7856.39265295900        1.83898436627385        5.35128520402775     
   7871.91095908645        1.75308461262964        5.34939233288095     
   7887.45991768199        1.62642298856669        5.34745358725073     
   7903.03958929177        1.45578509943050        5.34546913374819     
   7918.65003458154        1.29394203291596        5.34343913971835     
   7934.29178047711        1.13199316582622        5.34136371076622     
   7949.96395652442       0.985921230203604        5.33924313925310     
   7965.66708897071       0.867886079279401        5.33707753354418     
   7981.40123896250       0.784352960917058        5.33486706380818     
   7997.16646776704       0.733393908077703        5.33261190089192     
   8012.96283677263       0.710335674973507        5.33031221630919     
   8028.79040748883       0.710621898544521        5.32796818222979     
   8044.64924154668       0.754317661404636        5.32557997146847     
   8060.53940069895       0.943389494641187        5.32314775747402     
   8076.46094682041        1.14069970191571        5.32067171431829     
   8092.41394190805        1.32203220050765        5.31815201668534     
   8108.39844808128        1.48104009303230        5.31558883986057     
   8124.41452758225        1.60861298602559        5.31298235971992     
   8140.46224277605        1.72726246203943        5.31033275271907     
   8156.54165615094        1.82139692096198        5.30764019588272     
   8172.65283031861        1.88902994893596        5.30490486679391     
   8188.79582801444        1.94527999852008        5.30212694358332     
   8204.97071209771        1.97378498414621        5.29930660491868     
   8221.17754555189        1.97476584182002        5.29644402999422     
   8237.41639148482        1.93679088232446        5.29353939852006     
   8253.68731312901        1.91607567822066        5.29059289071179     
   8269.99037384189        1.88651538710380        5.28760468727999     
   8286.32563710601        1.85411130164049        5.28457496941981     
   8302.69316652931        1.81787041158864        5.28150391880063     
   8319.09302584540        1.78248246078048        5.27839171755572     
   8335.52527891376        1.74957429030224        5.27523854827195     
   8351.98998972000        1.71593119168267        5.27204459397959     
   8368.48722237614        1.68005582766426        5.26881003814210     
   8385.01704112083        1.64236924799839        5.26553506464596     
   8401.57951031959        1.60162916765295        5.26221985779063     
   8418.17469446509        1.56044214003712        5.25886460227844     
   8434.80265817740        1.51726947710349        5.25546948320460     
   8451.46346620422        1.46885945623190        5.25203468604725     
   8468.15718342113        1.42270125402222        5.24856039665753     
   8484.88387483187        1.37573407020318        5.24504680124971     
   8501.64360556859        1.32340942136994        5.24149408639138     
   8518.43644089206        1.26667569396513        5.23790243899367     
   8535.26244619199        1.20961872517464        5.23427204630152     
   8552.12168698722        1.16781975362543        5.23060309588401     
   8569.01422892603        1.13553928119991        5.22689577562473     
   8585.94013778637        1.09962537088468        5.22315027371218     
   8602.89947947608        1.05822717607666        5.21936677863029     
   8619.89232003324        1.00785264296357        5.21554547914886     
   8636.91872562634       0.944827586343679        5.21168656431419     
   8653.97876255458       0.875781013278881        5.20779022343969     
   8671.07249724809       0.787764976974086        5.20385664609653     
   8688.19999626826       0.685177472675382        5.19988602210434     
   8705.36132630792       0.570294124535921        5.19587854152202     
   8722.55655419165       0.453398126917437        5.19183439463855     
   8739.78574687603       0.346142876247206        5.18775377196382     
   8757.04948592717       0.261883330686495        5.18363674111055     
   8774.34681062805       0.209314238816495        5.17948373814970     
   8791.67830179588       0.187424747019664        5.17529483216812     
   8809.04402691782       0.188919772153615        5.17107021446924     
   8826.44405361435       0.204309311636878        5.16681007653250     
   8843.87844963950       0.226433007925399        5.16251461000463     
   8861.34728288115       0.251577032376904        5.15818400669082     
   8878.85062136126       0.278502598824100        5.15381845854602     
   8896.38853323616       0.306837468783634        5.14941815766629     
   8913.96108679679       0.336657706724554        5.14498329628018     
   8931.56835046901       0.368448323376772        5.14051406674018     
   8949.21039281380       0.402837716871862        5.13601066151420     
   8966.88728252760       0.440622013882212        5.13147327317718     
   8984.59908844252       0.482726353123821        5.12690209440260     
   9002.34587952663       0.529916754813132        5.12229731795422     
   9020.12772488426       0.589600475026969        5.11765913667776     
   9037.94469375619       0.687602020660352        5.11298774349267     
   9055.79685552000       0.857993964529695        5.10828333138394     
   9073.68427969031        1.00531259103815        5.10354609339399     
   9091.60703591903        1.12956002759913        5.09877622261459     
   9109.56519399565        1.22883107626330        5.09397391217884     
   9127.55882384753        1.31170837838397        5.08913935525322     
   9145.58799554015        1.39450127769642        5.08427274502967     
   9163.65277927736        1.44364747334833        5.07937427471775     
   9181.75324540171        1.47559565723107        5.07444413753679     
   9199.88946439468        1.48999243687244        5.06948252670825     
   9218.06150687698        1.47542653634402        5.06448963544792     
   9236.26944360879        1.43216136741018        5.05946565695834     
   9254.51334549009        1.35490676440400        5.05441078442123     
   9272.79328356088        1.27474381737783        5.04932521098992     
   9291.10932900149        1.17841855221713        5.04420912978195     
   9309.46155313285        1.07100777742346        5.03906273387157     
   9327.85002741676       0.960096491901581        5.03388621628246     
   9346.27482345618       0.853461086053596        5.02867976998035     
   9364.73601299551       0.766598346851025        5.02344358786586     
   9383.23366792085       0.700919787925577        5.01817786276721     
   9401.76786026030       0.654914483696872        5.01288278743317     
   9420.33866218423       0.670712918249020        5.00755855452588     
   9438.94614600557       0.776829890138054        5.00220535661394     
   9457.59038418008       0.879191602279133        4.99682338616532     
   9476.27144930664       0.975868449031588        4.99141283554051     
   9494.98941412752        1.05409804817207        4.98597389698566     
   9513.74435152870        1.11777701507561        4.98050676262572     
   9532.53633454011        1.16228353479167        4.97501162445774     
   9551.36543633592        1.19805375002188        4.96948867434415     
   9570.23173023486        1.20942177813186        4.96393810400612     
   9589.13528970047        1.19495616544406        4.95836010501697     
   9608.07618834141        1.16646239247149        4.95275486879566     
   9627.05449991172        1.11041037170790        4.94712258660025     
   9646.07029831113        1.02746989175659        4.94146344952158     
   9665.12422541209       0.943738909167276        4.93577747880102     
   9684.21522087466       0.849372985286082        4.93006520374199     
   9703.34392574470       0.748117429663540        4.92432664601071     
   9722.51041450757       0.643621243399411        4.91856199596576     
   9741.71476179574       0.546642869664669        4.91277144376713     
   9760.95704238910       0.464629788354185        4.90695517937015     
   9780.23733121525       0.404374182459195        4.90111339251946     
   9799.55570334979       0.368388564962003        4.89524627274303     
   9818.91223401661       0.353958580718264        4.88935400934620     
   9838.30699858819       0.359544006122262        4.88343679140582     
   9857.74007258589       0.381681578641869        4.87749480776442     
   9877.21153168024       0.467260930117209        4.87152824702447     
   9896.72145169123       0.595790682586988        4.86553729754266     
   9916.26990858863       0.719088634674264        4.85952214742420     
   9935.85697849227       0.821938701314908        4.85348298451725     
   9955.48273767231       0.913342868652932        4.84741999640739     
   9975.14726254958       0.991079836347811        4.84133337041207     
   9994.85062969587        1.05266254062086        4.83522329357519     
   10014.5929158342        1.09616658017141        4.82908995266174     
   10034.3741978391        1.13116395233719        4.82293353415239     
   10054.1945527371        1.14496819973205        4.81675422423829     
   10074.0540577067        1.15267056748710        4.81055220881577     
   10093.9527900788        1.13977770311975        4.80432767348120     
   10113.8908273374        1.10394114242250        4.79808080352586     
   10133.8682471191        1.07344257580744        4.79181178393086     
   10153.8851272142        1.03711984906961        4.78552079936212     
   10173.9415455664        1.00749480096162        4.77920803416540     
   10194.0375802736       0.975448748232615        4.77287367236140     
   10214.1733095877       0.938175573708411        4.76651789764089     
   10234.3488119154       0.893588170633252        4.76014089335988     
   10254.5641658181       0.839545354710920        4.75374284253491     
   10274.8194500125       0.777336766671962        4.74732392783828     
   10295.1147433708       0.704811423676043        4.74088433159344     
   10315.4501249208       0.621795047568408        4.73442423577038     
   10335.8256738467       0.530214820158137        4.72794382198104     
   10356.2414694888       0.437028487985405        4.72144327147486     
   10376.6975913442       0.346071979472419        4.71492276513432     
   10397.1941190673       0.266418021203619        4.70838248347050     
   10417.7311324694       0.206826839699191        4.70182260661877     
   10438.3087115198       0.169775065165099        4.69524331433448     
   10458.9269363455       0.153672700924304        4.68864478598871     
   10479.5858872321       0.153286916020378        4.68202720056408     
   10500.2856446234       0.162603329549779        4.67539073665059     
   10521.0262891223       0.177142538961466        4.66873557244152     
   10541.8079014909       0.194582902989275        4.66206188572940     
   10562.6305626509       0.214050916128244        4.65536985390200     
   10583.4943536836       0.235320384305260        4.64865965393835     
   10604.3993558307       0.258494722721798        4.64193146240492     
   10625.3456504943       0.283912579043632        4.63518545545167     
   10646.3333192371       0.312216464525702        4.62842180880832     
   10667.3630704917       0.344764944758011        4.62164049563141     
   10688.4337339645       0.393300077749129        4.61484209458503     
   10709.5460171755       0.483859656134554        4.60802657848395     
   10730.7000023341       0.595564573204164        4.60119412133973     
   10751.8957718118       0.695339348778292        4.59434489672537     
   10773.1334081428       0.778963775977590        4.58747907777179     
   10794.4129940245       0.852392994214903        4.58059683716439     
   10815.7346123177       0.913880335140373        4.57369834713957     
   10837.0983460465       0.962001891089468        4.56678377948141     
   10858.5042783995       0.996267964896197        4.55985330551832     
   10879.9524927291        1.02290599672986        4.55290709611979     
   10901.4430725527        1.03504977322317        4.54594532169308     
   10922.9761015527        1.03948310734930        4.53896815218012     
   10944.5516635764        1.02930896249810        4.53197575705433     
   10966.1698426371       0.998436490762166        4.52496830531749     
   10987.8307229140       0.973785319958628        4.51794596549676     
   11009.5343887523       0.948246779447385        4.51090890564161     
   11031.2809246642       0.931959239029190        4.50385729332091     
   11053.0704153285       0.914004862087625        4.49679129561995     
   11074.9029455915       0.897375582221859        4.48971107913765     
   11096.7786004668       0.882391798825847        4.48261680998367     
   11118.6974651363       0.867421271118522        4.47550865377563     
   11140.6596249499       0.851536865402783        4.46838677563644     
   11162.6651654261       0.835677929909792        4.46125134019150     
   11184.7141722524       0.817317274478566        4.45410251156613     
   11206.8067312856       0.796119415022084        4.44694045338293     
   11228.9429285518       0.773617082755812        4.43976532875922     
   11251.1228502475       0.748357152932988        4.43257730030450     
   11273.3465827390       0.719146318512101        4.42537653011802     
   11295.6142125635       0.690782592911649        4.41816317978626     
   11317.9258264289       0.660887212251699        4.41093741038062     
   11340.2815112146       0.631918183613561        4.40369938245502     
   11362.6813539715       0.626859408117831        4.39644925604358     
   11385.1254419224       0.623202997605637        4.38918719065841     
   11407.6138624624       0.621259913280512        4.38191334528729     
   11430.1467031593       0.620079945792319        4.37462787839155     
   11452.7240517538       0.619690599653869        4.36733094790391     
   11475.3459961600       0.622016506352627        4.36002271122634     
   11498.0126244655       0.621088316644714        4.35270332522806     
   11520.7240249320       0.621966892830023        4.34537294624342     
   11543.4802859956       0.623448511093978        4.33803173007001     
   11566.2814962670       0.622156505795136        4.33067983196664     
   11589.1277445318       0.617543138130794        4.32331740665148     
   11612.0191197512       0.609184296671499        4.31594460830016     
   11634.9557110620       0.603193011343660        4.30856159054394     
   11657.9376077771       0.596564725850187        4.30116850646795     
   11680.9648993858       0.589835294380197        4.29376550860942     
   11704.0376755541       0.583123941077882        4.28635274895594     
   11727.1560261254       0.576417489425168        4.27893037894383     
   11750.3200411201       0.569674153010760        4.27149854945646     
   11773.5298107369       0.563100637049914        4.26405741082267     
   11796.7854253522       0.557024750795002        4.25660711281520     
   11820.0869755212       0.551333754162519        4.24914780464918     
   11843.4345519779       0.546033654370942        4.24167963498059     
   11866.8282456356       0.541104987090480        4.23420275190487     
   11890.2681475871       0.536518086534816        4.22671730295545     
   11913.7543491051       0.532223621374481        4.21922343510239     
   11937.2869416426       0.528247760573844        4.21172129475105     
   11960.8660168333       0.524499438687962        4.20421102774073     
   11984.4916664918       0.520968436889962        4.19669277934347     
   12008.1639826142       0.517581284377582        4.18916669426272     
   12031.8830573782       0.514301103480552        4.18163291663220     
   12055.6489831436       0.511105316608743        4.17409159001471     
   12079.4618524526       0.507979970802218        4.16654285740098     
   12103.3217580304       0.504912838232618        4.15898686120862     
   12127.2287927850       0.501892642428672        4.15142374328094     
   12151.1830498082       0.498411435014632        4.14385364488606     
   12175.1846223755       0.494671819806709        4.13627670671577     
   12199.2336039468       0.490836327834216        4.12869306888467     
   12223.3300881666       0.486857868894076        4.12110287092916     
   12247.4741688642       0.482889814068762        4.11350625180659     
   12271.6659400544       0.480080575952476        4.10590334989434     
   12295.9054959375       0.477859611114528        4.09829430298902     
   12320.1929309002       0.475730684339153        4.09067924830565     
   12344.5283395154       0.473658411855903        4.08305832247688     
   12368.9132698919       0.470877927087150        4.07543120725409     
   12393.3449131491       0.467371905486987        4.06779894636991     
   12417.8248149057       0.463476642838604        4.06016122074482     
   12442.3530704839       0.459092123461211        4.05251816467485     
   12466.9297753945       0.454862466380745        4.04486991187025     
   12491.5550253368       0.450643146292452        4.03721659545490     
   12516.2289161992       0.447021729886981        4.02955834796578     
   12540.9515440594       0.445805454875825        4.02189530135239     
   12565.7230051850       0.444664996340159        4.01422758697627     
   12590.5433960337       0.443816179006125        4.00655533561057     
   12615.4128132537       0.442852115763814        3.99887867743953     
   12640.3313536842       0.442123105188021        3.99119774205814     
   12665.2991143555       0.441058738492525        3.98351265847168     
   12690.3161924897       0.439968572689416        3.97582355509546     
   12715.3826855010       0.438715703612756        3.96813055975440     
   12740.4986909958       0.437233527360266        3.96043379968277     
   12765.6643067735       0.435397144491232        3.95273340152393     
   12790.8796308266       0.432939773765185        3.94502949133006     
   12816.1447613412       0.429838758852006        3.93732219456195     
   12841.4597966971       0.427049212458848        3.92961163608880     
   12866.8248354689       0.424165927310527        3.92189794018808     
   12892.2399764255       0.421255309989910        3.91418123054537     
   12917.7053185310       0.418318842549893        3.90646163025426     
   12943.2209609450       0.415395991709820        3.89873926181625     
   12968.7870030230       0.412508084735455        3.89101424714071     
   12994.4035443168       0.409676213776013        3.88328670754482     
   13020.0706845747       0.406907501008537        3.87555676375360     
   13045.7885237420       0.404204493513942        3.86782453589987     
   13071.5571619616       0.401561891185846        3.86009014352435     
   13097.3766995742       0.398978925657369        3.85235370557568     
   13123.2472371184       0.396446337174776        3.84461534041056     
   13149.1688753317       0.393959997589485        3.83687516579380     
   13175.1417151505       0.391539113438193        3.82913329889850     
   13201.1658577105       0.389182524418923        3.82138985630623     
   13227.2414043473       0.386850893368941        3.81364495400715     
   13253.3684565966       0.384531542271880        3.80589870740030     
   13279.5471161945       0.382224422037809        3.79815123129375     
   13305.7774850783       0.379929483623517        3.79040263990495     
   13332.0596653865       0.377646678034196        3.78265304686090     
   13358.3937594594       0.375375956325087        3.77490256519855     
   13384.7798698395       0.373117269603114        3.76715130736505     
   13411.2180992717       0.370870569028499        3.75939938521813     
   13437.7085507041       0.368635805816347        3.75164691002646     
   13464.2513272878       0.366412931238222        3.74389399247005     
   13490.8465323779       0.364201896623696        3.73614074264063     
   13517.4942695335       0.362002653361877        3.72838727004211     
   13544.1946425186       0.359815152902924        3.72063368359100     
   13570.9477553016       0.357639346759535        3.71288009161692     
   13597.7537120567       0.355475186508417        3.70512660186307     
   13624.6126171637       0.353322623791741        3.69737332148675     
   13651.5245752087       0.351181610318573        3.68962035705988     
   13678.4896909841       0.349052097866285        3.68186781456956     
   13705.5080694897       0.346934038281951        3.67411579941868     
   13732.5798159323       0.344827383483722        3.66636441642645     
   13759.7050357268       0.342732085462180        3.65861376982904     
   13786.8838344961       0.340648096281676        3.65086396328022     
   13814.1163180720       0.338575368081650        3.64311509985201     
   13841.4025924951       0.336513853077931        3.63536728203532     
   13868.7427640155       0.334463503564015        3.62762061174067     
   13896.1369390933       0.332113658336965        3.61987519029889     
   13923.5852243987       0.329500023843005        3.61213111846180     
   13951.0877268127       0.326764746812209        3.60438849640302     
   13978.6445534276       0.323888454882513        3.59664742371869     
   14006.2558115468       0.321133007110031        3.58890799942823     
   14033.9216086860       0.318382111165049        3.58117032197518     
   14061.6420525732       0.315575550593463        3.57343448922795     
   14089.4172511492       0.313747798884592        3.56570059848072     
   14117.2473125678       0.312509493522485        3.55796874645423     
   14145.1323451967       0.311095838388783        3.55023902929663     
   14173.0724576176       0.309100837891137        3.54251154258443     
   14201.0677586265       0.306645888814493        3.53478638132330     
   14229.1183572345       0.303729764397607        3.52706363994907     
   14257.2243626679       0.300974519647959        3.51934341232856     
   14285.3858843689       0.298278660702906        3.51162579176060     
   14313.6030319957       0.294824866627673        3.50391087097696     
   14341.8759154231       0.291111988741941        3.49619874214329     
   14370.2046447431       0.286547314028929        3.48848949686015     
   14398.5893302651       0.281761804495718        3.48078322616398     
   14427.0300825162       0.279438601503550        3.47308002052812     
   14455.5270122421       0.280132136996602        3.46537996986387     
   14484.0802304071       0.281054830500708        3.45768316352149     
   14512.6898481946       0.282285409226741        3.44998969029127     
   14541.3559770079       0.283524325613054        3.44229963840462     
   14570.0787284699       0.284437877639091        3.43461309553515     
   14598.8582144245       0.285398327378316        3.42693014879974     
   14627.6945469361       0.286211942623961        3.41925088475970     
   14656.5878382908       0.286399931613439        3.41157538942184     
   14685.5382009961       0.285848911293517        3.40390374823965     
   14714.5457477820       0.283843901232516        3.39623604611446     
   14743.6105916012       0.280604749971913        3.38857236739655     
   14772.7328456293       0.277079271274140        3.38091279588637     
   14801.9126232657       0.273451983788026        3.37325741483572     
   14831.1500381336       0.269652413606693        3.36560630694895     
   14860.4452040807       0.265667331126698        3.35795955438416     
   14889.7982351796       0.262801489900724        3.35031723875444     
   14919.2092457281       0.261414788922399        3.34267944112911     
   14948.6783502499       0.259765875948641        3.33504624203494     
   14978.2056634950       0.258304651843143        3.32741772145743     
   15007.7913004397       0.256710530517581        3.31979395884209     
   15037.4353762879       0.255871927511087        3.31217503309570     
   15067.1397768616       0.255698312046933        3.30456056935867     
   15096.9010805351       0.255627997890940        3.29695155222170     
   15126.7211700968       0.255542060572717        3.28934760545923     
   15156.6001616635       0.255105556498106        3.28174880583614     
   15186.5381715810       0.254471596236622        3.27415522958515     
   15216.5353164251       0.253257483412138        3.26656695240816     
   15246.5917130018       0.251872430401964        3.25898404947761     
   15276.7074783478       0.250458798734235        3.25140659543783     
   15306.8827297310       0.248932407243470        3.24383466440644     
   15337.1175846510       0.247251539283542        3.23626832997570     
   15367.4121608395       0.245361836063776        3.22870766521392     
   15397.7665762605       0.243372977652365        3.22115274266684     
   15428.1809491113       0.241459454160367        3.21360363435909     
   15458.6553978225       0.239553098811416        3.20606041179553     
   15489.1900410588       0.237673655271587        3.19852314596273     
   15519.7849977191       0.235829880340396        3.19099190733043     
   15550.4403869372       0.234036040378109        3.18346676585288     
   15581.1563280823       0.232291848919811        3.17594779097041     
   15611.9329407593       0.230599445682713        3.16843505161081     
   15642.7703448095       0.228960509569079        3.16092861619085     
   15673.6686603107       0.227405455587566        3.15342855261769     
   15704.6280075779       0.225883042098812        3.14593492829044     
   15735.6485071640       0.224352884678730        3.13844781010160     
   15766.7302798598       0.222168480555127        3.13096726443855     
   15797.8734466947       0.219250473283787        3.12349335718511     
   15829.0781289373       0.216460767581824        3.11602615372300     
   15860.3444480956       0.213767246385652        3.10856571893337     
   15891.6725259176       0.210769719201307        3.10111211719833     
   15923.0624843919       0.207272498044155        3.09366541240251     
   15954.5144457481       0.203131989308990        3.08622566793454     
   15986.0285324569       0.198175517355581        3.07879294668865     
   16017.6048672313       0.192202948593285        3.07136731106619     
   16049.2435730264       0.184995339817549        3.06394882297721     
   16080.9447730405       0.176335826959566        3.05653754384197     
   16112.7085907148       0.166050288910724        3.04913353459262     
   16144.5351497347       0.154066556033431        3.04173685567464     
   16176.4245740298       0.140501281549281        3.03434756704852     
   16208.3769877744       0.125759552256326        3.02696572819132     
   16240.3925153882       0.110616376434300        3.01959139809822     
   16272.4712815365       9.621761686311681E-002   3.01222463528420     
   16304.6134111311       8.395165648510131E-002   3.00486549778555     
   16336.8190293302       7.519192866948810E-002   2.99751404316154     
   16369.0882615395       7.106124025687495E-002   2.99017032849603     
   16401.4212334123       7.467404829501198E-002   2.98283441039906     
   16433.8180708501       9.601929402791136E-002   2.97550634500845     
   16466.2789000030       0.121876087077492        2.96818618799151     
   16498.8038472705       0.146044464510633        2.96087399454660     
   16531.3930393016       0.167171448354703        2.95356981940476     
   16564.0466029954       0.185786435758567        2.94627371683140     
   16596.7646655019       0.199818736553378        2.93898574062792     
   16629.5473542219       0.212028880769127        2.93170594413332     
   16662.3947968083       0.222125868018911        2.92443438022592     
   16695.3071211657       0.226342522060960        2.91717110132497     
   16728.2844554516       0.229786923651198        2.90991615939229     
   16761.3269280766       0.226738605198497        2.90266960593399     
   16794.4346677049       0.221112568889142        2.89543149200210     
   16827.6078032550       0.209916439921113        2.88820186819622     
   16860.8464638997       0.199601807419165        2.88098078466523     
   16894.1507790673       0.187078698730769        2.87376829110895     
   16927.5208784416       0.172816601901297        2.86656443677981     
   16960.9568919626       0.157477123967985        2.85936927048455     
   16994.4589498269       0.141745016183229        2.85218284058587     
   17028.0271824883       0.128303186010971        2.84500519500415     
   17061.6617206583       0.118863576565278        2.83783638121911     
   17095.3626953066       0.120288456418489        2.83067644627155     
   17129.1302376615       0.122495104402585        2.82352543676496     
   17162.9644792106       0.124906901552565        2.81638339886731     
   17196.8655517012       0.125422887594980        2.80925037831268     
   17230.8335871409       0.125968681742657        2.80212642040299     
   17264.8687177980       0.124240542574590        2.79501157000969     
   17298.9710762019       0.122623391784476        2.78790587157547     
   17333.1407951440       0.124438179502496        2.78080936911598     
   17367.3780076779       0.136383152312292        2.77372210622151     
   17401.6828471200       0.146337345212473        2.76664412605869     
   17436.0554470502       0.152855226654361        2.75957547137227     
   17470.4959413120       0.158256603939322        2.75251618448674     
   17505.0044640134       0.163843802346637        2.74546630730811     
   17539.5811495272       0.168130674837224        2.73842588132560     
   17574.2261324919       0.172078562656303        2.73139494761334     
   17608.9395478116       0.173573635162267        2.72437354683213     
   17643.7215306571       0.172243140182462        2.71736171923111     
   17678.5722164661       0.169490395552507        2.71035950464952     
   17713.4917409438       0.163428983780471        2.70336694251838     
   17748.4802400635       0.153976552421063        2.69638407186224     
   17783.5378500671       0.145621633929226        2.68941093130090     
   17818.6647074655       0.136035901523705        2.68244755905110     
   17853.8609490394       0.124643604957066        2.67549399292829     
   17889.1267118395       0.111664107418766        2.66855027034830     
   17924.4621331874       9.787577712072162E-002   2.66161642832912     
   17959.8673506759       8.389098151021808E-002   2.65469250349257     
   17995.3425021694       7.078483803697512E-002   2.64777853206605     
   18030.8877258048       5.957829268928545E-002   2.64087454988426     
   18066.5031599918       5.098544780738300E-002   2.63398059239092     
   18102.1889434135       4.580082023619866E-002   2.62709669464050     
   18137.9452150269       4.408274615208169E-002   2.62022289129993     
   18173.7721140636       4.605281966316064E-002   2.61335921665034     
   18209.6697800299       5.358198052303006E-002   2.60650570458876     
   18245.6383527081       6.977990937851443E-002   2.59966238862987     
   18281.6779721563       8.535104571417590E-002   2.59282930190769     
   18317.7887787093       0.102230992374083        2.58600647717733     
   18353.9730695736       0.119259398854892        2.57919354147121     
   18390.2266767098       0.133528461937441        2.57239133809856     
   18426.5518936292       0.145039909716350        2.56559949272860     
   18462.9488617786       0.155174813196598        2.55881803661791     
   18499.4177228842       0.162658432705305        2.55204700065277     
   18535.9586189525       0.168627570739998        2.54528641535083     
   18572.5716922701       0.172098838770459        2.53853631086287     
   18609.2570854049       0.173528884304788        2.53179671697446     
   18646.0149412061       0.171750033410927        2.52506766310773     
   18682.8454028055       0.169978087107444        2.51834917832305     
   18719.7486136174       0.166244342265480        2.51164129132073     
   18756.7247173392       0.161647722425258        2.50494403044278     
   18793.7738579524       0.158397139628519        2.49825742367456     
   18830.8961797228       0.154693106538701        2.49158149864652     
   18868.0918272011       0.151196423568683        2.48491628263591     
   18905.3609452238       0.147675416328399        2.47826180256846     
   18942.7036789131       0.144222231180518        2.47161808502009     
   18980.1201736780       0.140883490457365        2.46498515621863     
   19017.6105752149       0.137904552112704        2.45836304204551     
   19055.1750295078       0.135058249363848        2.45175176803742     
   19092.8136828290       0.132276445742053        2.44515135938808     
   19130.5266817399       0.129693485205575        2.43856184094986     
   19168.3141730912       0.127112848333958        2.43198323723552     
   19206.1763040239       0.124523724318904        2.42541557241987     
   19244.1132219695       0.122308287843606        2.41885887034148     
   19282.1250746507       0.120299552074624        2.41231315450434     
   19320.2120100820       0.118503653778143        2.40577844807957     
   19358.3741765703       0.116876307309970        2.39925477390711     
   19396.6117227154       0.115380920350545        2.39274215449733     
   19434.9247974107       0.113997477851998        2.38624061203280     
   19473.3135498437       0.112722800580248        2.37975016836990     
   19511.7781294963       0.111540109072466        2.37327084504050     
   19550.3186861461       0.110443313674299        2.36680266325366     
   19588.9353698663       0.109429436609974        2.36034564389727     
   19627.6283310265       0.108476937203329        2.35389980753971     
   19666.3977202935       0.107582817128129        2.34746517443154     
   19705.2436886315       0.106735805994641        2.34104176450714     
   19744.1663873030       0.105923544865828        2.33462959738635     
   19783.1659678693       0.105141314380654        2.32822869237615     
   19822.2425821910       0.104383879998215        2.32183906847232     
   19861.3963824287       0.103649422795085        2.31546074436104     
   19900.6275210436       0.102929380258498        2.30909373842058     
   19939.9361507979       0.102230762050207        2.30273806872294     
   19979.3224247558       0.101530785499260        2.29639375303545     
   20018.7864962835       0.100529248285196        2.29006080882245     
   20058.3285190504       9.945063823255001E-002   2.28373925324690     
   20097.9486470295       9.853197027190320E-002   2.27742910317202     
   20137.6470344975       9.743682113208585E-002   2.27113037516291     
   20177.4238360363       9.603019847704768E-002   2.26484308548817     
   20217.2792065330       9.448774777268261E-002   2.25856725012154     
   20257.2133011805       9.284810995459608E-002   2.25230288474350     
   20297.2262754784       9.090849155043779E-002   2.24605000474288     
   20337.3182852333       8.858741466063919E-002   2.23980862521849     
   20377.4894865597       8.579078780118336E-002   2.23357876098072     
   20417.7400358805       8.241552755345505E-002   2.22736042655312     
   20458.0700899274       7.835972206364174E-002   2.22115363617405     
   20498.4798057418       7.354200291829951E-002   2.21495840379823     
   20538.9693406752       6.792858775847962E-002   2.20877474309835     
   20579.5388523901       6.157696337895210E-002   2.20260266746669     
   20620.1884988602       5.468081431941859E-002   2.19644219001665     
   20660.9184383714       4.760695844341394E-002   2.19029332358438     
   20701.7288295221       4.089439484521796E-002   2.18415608073033     
   20742.6198312242       3.517553091517537E-002   2.17803047374086     
   20783.5916027031       3.104068467766551E-002   2.17191651462975     
   20824.6443034992       2.887857325099171E-002   2.16581421513986     
   20865.7780934678       2.882902558505574E-002   2.15972358674461     
   20906.9931327797       3.193404511047120E-002   2.15364464064958     
   20948.2895819225       3.894633350974935E-002   2.14757738779407     
   20989.6676017006       5.176257638603402E-002   2.14152183885265     
   21031.1273532361       6.338624207612283E-002   2.13547800423667     
   21072.6689979692       7.341257832528882E-002   2.12944589409589     
   21114.2926976591       8.196353713934429E-002   2.12342551831995     
   21155.9986143846       8.914552367719560E-002   2.11741688653991     
   21197.7869105444       9.547324527616406E-002   2.11142000812984     
   21239.6577488583       9.955755323621868E-002   2.10543489220829     
   21281.6112923672       0.102649062077217        2.09946154763985     
   21323.6477044343       0.104859238347516        2.09349998303665     
   21365.7671487452       0.105568973350546        2.08755020675990     
   21407.9697893092       0.105266410047775        2.08161222692140     
   21450.2557904591       0.103357799622804        2.07568605138503     
   21492.6253168528       0.102261964842100        2.06977168776826     
   21535.0785334730       0.100730902182478        2.06386914344367     
   21577.6156056285       9.881929059932194E-002   2.05797842554045     
   21620.2366989547       9.667883125698669E-002   2.05209954094586     
   21662.9419794139       9.448487409990980E-002   2.04623249630673     
   21705.7316132964       9.246387472511614E-002   2.04037729803099     
   21748.6057672211       9.049071922297915E-002   2.03453395228906     
   21791.5646081357       8.848178666726750E-002   2.02870246501543     
   21834.6083033178       8.647065493958485E-002   2.02288284191004     
   21877.7370203755       8.437462179999999E-002   2.01707508843981     
   21920.9509272479       8.233549796178993E-002   2.01127920984008     
   21964.2501922059       8.051389233400805E-002   2.00549521111605     
   22007.6349838525       7.882763619121282E-002   1.99972309704428     
   22051.1054711240       7.727982099242404E-002   1.99396287217409     
   22094.6618232904       7.586436145491984E-002   1.98821454082905     
   22138.3042099558       7.457733197826556E-002   1.98247810710836     
   22182.0328010597       7.341655124093907E-002   1.97675357488838     
   22225.8477668769       7.236949566050274E-002   1.97104094782396     
   22269.7492780188       7.142549636064049E-002   1.96534022934995     
   22313.7375054335       7.057249819411149E-002   1.95965142268257     
   22357.8152474536       6.979861950122494E-002   1.95397419314471     
   22401.9774267994       6.909295595757750E-002   1.94830921958162     
   22446.2268373018       6.844332402334427E-002   1.94265616617647     
   22490.5636512639       6.779655618277504E-002   1.93701503528517     
   22534.9880413290       6.699518844467409E-002   1.93138582905207     
   22579.5001804813       6.622029662606288E-002   1.92576854941135     
   22624.1002420469       6.554047408777529E-002   1.92016319808839     
   22668.7883996941       6.480003168306118E-002   1.91456977660121     
   22713.5648274345       6.383102054239312E-002   1.90898828626181     
   22758.4296996230       6.273358134515523E-002   1.90341872817757     
   22803.3831909592       6.160406316069951E-002   1.89786110325260     
   22848.4254764878       6.027750026867518E-002   1.89231541218912     
   22893.5567315989       5.869717282805164E-002   1.88678165548882     
   22938.7771320296       5.679683905616728E-002   1.88125983345426     
   22984.0868538636       5.450643018579469E-002   1.87574994619013     
   23029.4860735326       5.175965829992907E-002   1.87025199360470     
   23074.9749678170       4.850396652959984E-002   1.86476597541110     
   23120.5537138461       4.472257193015881E-002   1.85929189112869     
   23166.2224890991       4.046051934132795E-002   1.85382974008439     
   23211.9814714060       3.585692057111865E-002   1.84837952141399     
   23257.8308389477       3.116468993937411E-002   1.84294123406352     
   23303.7707702575       2.674533261013930E-002   1.83751487679051     
   23349.8014442209       2.301405815584011E-002   1.83210044816537     
   23395.9230400770       2.033529071209818E-002   1.82669794657266     
   23442.1357374188       1.894589132930679E-002   1.82130737021241     
   23488.4397161943       1.893379111502390E-002   1.81592871710142     
   23534.8351567067       2.130085068035148E-002   1.81056198507455     
   23581.3222396153       2.537270593533639E-002   1.80520717178605     
   23627.9011459365       3.270098131399690E-002   1.79986427471079     
   23674.5720570439       4.028623404370852E-002   1.79453329114557     
   23721.3351546698       4.737697396963011E-002   1.78921421821043     
   23768.1906209051       5.368020845001288E-002   1.78390705284985     
   23815.1386382006       5.870626097223713E-002   1.77861179183409     
   23862.1793893672       6.319509408593692E-002   1.77332843176043     
   23909.3130575772       6.673507764535327E-002   1.76805696905441     
   23956.5398263647       6.923651751697653E-002   1.76279739997108     
   24003.8598796260       7.077118930501039E-002   1.75754972059631     
   24051.2734016210       7.223976426872884E-002   1.75231392684797     
   24098.7805769734       7.225868901039557E-002   1.74709001447717     
   24146.3815906716       7.093997206079830E-002   1.74187797906955     
   24194.0766280693       7.004062548403932E-002   1.73667781604646     
   24241.8658748865       6.865371977967928E-002   1.73148952066620     
   24289.7495172100       6.704749867131907E-002   1.72631308802524     
   24337.7277414941       6.520513288953972E-002   1.72114851305944     
   24385.8007345613       6.324197637179373E-002   1.71599579054525     
   24433.9686836033       6.131866101268199E-002   1.71085491510094     
   24482.2317761815       5.953931193875533E-002   1.70572588118776     
   24530.5902002278       5.788834585154238E-002   1.70060868311117     
   24579.0441440453       5.634599777316030E-002   1.69550331502202     
   24627.5937963088       5.490588023147021E-002   1.69040977091774     
   24676.2393460663       5.357924606331502E-002   1.68532804464350     
   24724.9809827387       5.237078221238365E-002   1.68025812989343     
   24773.8188961214       5.128073323929907E-002   1.67520002021174     
   24822.7532763845       5.030418063268335E-002   1.67015370899393     
   24871.7843140738       4.943525682398667E-002   1.66511918948792     
   24920.9122001114       4.866253955256231E-002   1.66009645479524     
   24970.1371257968       4.797439217807305E-002   1.65508549787215     
   25019.4592828069       4.736132865226529E-002   1.65008631153080     
   25068.8788631976       4.681574367999784E-002   1.64509888844038     
   25118.3960594040       4.632275041759833E-002   1.64012322112825     
   25168.0110642413       4.587050927420655E-002   1.63515930198106     
   25217.7240709056       4.545124907239134E-002   1.63020712324593     
   25267.5352729746       4.505823706522685E-002   1.62526667703149     
   25317.4448644083       4.468623623744296E-002   1.62033795530907     
   25367.4530395500       4.433085554085952E-002   1.61542094991377     
   25417.5599931266       4.398867089849556E-002   1.61051565254560     
   25467.7659202499       4.365696618213685E-002   1.60562205477057     
   25518.0710164168       4.333374278004071E-002   1.60074014802178     
   25568.4754775108       4.301735806885759E-002   1.59586992360052     
   25618.9794998018       4.270660492378192E-002   1.59101137267737     
   25669.5832799478       4.240054485382982E-002   1.58616448629326     
   25720.2870149950       4.209925787011867E-002   1.58132925536060     
   25771.0909023789       4.180443052141712E-002   1.57650567066428     
   25821.9951399250       4.151206325405050E-002   1.57169372286281     
   25872.9999258494       4.122166164179542E-002   1.56689340248934     
   25924.1054587601       4.093321322894666E-002   1.56210469995274     
   25975.3119376570       4.064670563138734E-002   1.55732760553865     
   26026.6195619332       4.036212653624956E-002   1.55256210941054     
   26078.0285313758       4.007946370157588E-002   1.54780820161076     
   26129.5390461663       3.979870495598170E-002   1.54306587206153     
   26181.1513068817       3.951983819831827E-002   1.53833511056606     
   26232.8655144954       3.924285139733714E-002   1.53361590680951     
   26284.6818703773       3.895007480289205E-002   1.52890825036007     
   26336.6005762956       3.860284811293029E-002   1.52421213066993     
   26388.6218344165       3.823876723971025E-002   1.51952753707634     
   26440.7458473061       3.785662550876613E-002   1.51485445880262     
   26492.9728179300       3.750172709750266E-002   1.51019288495914     
   26545.3029496553       3.712892914424947E-002   1.50554280454434     
   26597.7364462504       3.673181709971001E-002   1.50090420644572     
   26650.2735118863       3.630736217824689E-002   1.49627707944088     
   26702.9143511374       3.585574576163850E-002   1.49166141219842     
   26755.6591689820       3.538631995536854E-002   1.48705719327901     
   26808.5081708034       3.509966716395965E-002   1.48246441113631     
   26861.4615623906       3.501629018340444E-002   1.47788305411801     
   26914.5195499390       3.495971887862916E-002   1.47331311046671     
   26967.6823400513       3.476130729973771E-002   1.46875456832098     
   27020.9501397384       3.453565064865829E-002   1.46420741571625     
   27074.3231564199       3.429370219185918E-002   1.45967164058579     
   27127.8015979253       3.406410352262957E-002   1.45514723076170     
   27181.3856724946       3.375763340255226E-002   1.45063417397577     
   27235.0787889045       3.339239036101061E-002   1.44613219014292     
   27288.8747622883       3.289657505437284E-002   1.44164180290664     
   27342.7769959395       3.229901802225304E-002   1.43716273131110     
   27396.7856997480       3.153686672003011E-002   1.43269496269646     
   27450.9010840188       3.061171723819555E-002   1.42823848430727     
   27505.1233594719       2.964154906923743E-002   1.42379328329345     
   27559.4527372436       2.878953918460345E-002   1.41935934671111     
   27613.8894288873       2.855210547811453E-002   1.41493666152356     
   27668.4336463744       2.899554260425894E-002   1.41052521460213     
   27723.0856020948       2.950729283451681E-002   1.40612499272715     
   27777.8455088580       3.006462658206739E-002   1.40173598258876     
   27832.7135798938       3.057603711056857E-002   1.39735817078788     
   27887.6900288532       3.096368344231018E-002   1.39299154383706     
   27942.7750698092       3.130189908996543E-002   1.38863608816135     
   27997.9689172578       3.163385494367545E-002   1.38429179009921     
   28053.2717861185       3.181268642840998E-002   1.37995863590337     
   28108.6838917354       3.181543728736471E-002   1.37563661174171     
   28164.2054498779       3.166107513632459E-002   1.37132570369809     
   28219.8366767417       3.122979432469574E-002   1.36702589777325     
   28275.5777889494       3.060533883289781E-002   1.36273717988566     
   28331.4290035516       2.996672249998054E-002   1.35845953587233     
   28387.3905380276       2.920316134122192E-002   1.35419295148973     
   28443.4626102861       2.831355761664924E-002   1.34993741241456     
   28499.6454386667       2.730192731888531E-002   1.34569290424465     
   28555.9392419396       2.618108392151082E-002   1.34145941249972     
   28612.3442393078       2.496833709272785E-002   1.33723692262231     
   28668.8606504068       2.371966672887445E-002   1.33302541997851     
   28725.4886953061       2.261955603066206E-002   1.32882488985882     
   28782.2285945098       2.318454528833593E-002   1.32463531747899     
   28839.0805689579       2.387274696090793E-002   1.32045668798078     
   28896.0448400263       2.461603203537697E-002   1.31628898643282     
   28953.1216295286       2.550307811293844E-002   1.31213219783137     
   29010.3111597162       2.623901658109447E-002   1.30798630710115     
   29067.6136532798       2.690336747806982E-002   1.30385129909610     
   29125.0293333497       2.762385049637429E-002   1.29972715860023     
   29182.5584234972       2.815068105035377E-002   1.29561387032833     
   29240.2011477349       2.864728685287271E-002   1.29151141892681     
   29297.9577305182       2.885812678762583E-002   1.28741978897446     
   29355.8283967457       2.876134397414316E-002   1.28333896498321     
   29413.8133717602       2.836567381881777E-002   1.27926893139891     
   29471.9128813496       2.811514281041304E-002   1.27520967260211     
   29530.1271517478       2.780676119307805E-002   1.27116117290879     
   29588.4564096358       2.747449718661025E-002   1.26712341657113     
   29646.9008821419       2.712452016172180E-002   1.26309638777827     
   29705.4607968435       2.677656273141485E-002   1.25908007065705     
   29764.1363817671       2.644206592009703E-002   1.25507444927275     
   29822.9278653900       2.612895208937792E-002   1.25107950762985     
   29881.8354766406       2.584097425625479E-002   1.24709522967273     
   29940.8594448993       2.558298302580905E-002   1.24312159928643     
   30000.0000000000       2.535040162406278E-002   1.23915860029738     
