   3503.6290767832329        1.5044854658214142        1.6833130491883721     
   3507.4093218076832        1.5008377663463948        1.6854454163357890     
   3511.1936455322843        1.4970511265982402        1.6875728620008674     
   3514.9820523577546        1.4932257514240732        1.6896953703314626     
   3518.7745466895626        1.4894998213417889        1.6918129255490728     
   3522.5711329379260        1.4859308781637648        1.6939255119489900     
   3526.3718155178262        1.4812759578488586        1.6960331139004692     
   3530.1765988490029        1.4759513796349815        1.6981357158468868     
   3533.9855157213256        1.4690657503960241        1.7002333178998228     
   3537.7985138639688        1.4601211799521572        1.7023258734260491     
   3541.6156260457801        1.4495559999999901        1.7044133827235686     
   3545.4368567056099        1.4377744570982856        1.7064958305338320     
   3549.2622102870932        1.4265713283857786        1.7085732016731898     
   3553.0916912386629        1.4152418322968636        1.7106454810330447     
   3556.9253040135491        1.4061535199933985        1.7127126535799966     
   3560.7630530697884        1.3994377465970422        1.7147747043559867     
   3564.6049428702263        1.3947753136322596        1.7168316184784440     
   3568.4509778825241        1.3907493923565906        1.7188833811404243     
   3572.3011625791646        1.3862887075201831        1.7209299776107487     
   3576.1555014374530        1.3817350026683346        1.7229713932341424     
   3580.0140276743327        1.3813504803307224        1.7250076285678548     
   3583.8766883381727        1.3818202034988487        1.7270386387970120     
   3587.7435166246219        1.3866380996215319        1.7290644246700633     
   3591.6145170303425        1.3910931084657199        1.7310849718366759     
   3595.4896940568474        1.3970073870259654        1.7331002660230741     
   3599.3690522105076        1.4070873430712028        1.7351102930321676     
   3603.2525960025550        1.4168013388822174        1.7371150387436680     
   3607.1403299490894        1.4256778690016823        1.7391144891142172     
   3611.0322585710828        1.4336638041387881        1.7411086301774990     
   3614.9283863943870        1.4406496927006871        1.7430974480443608     
   3618.8287179497338        1.4465022916396257        1.7450809289029268     
   3622.7332577727466        1.4508346699609143        1.7470590590187092     
   3626.6420104039407        1.4533605651279571        1.7490318247347216     
   3630.5550095291992        1.4532286001002857        1.7509992270950712     
   3634.4722014493450        1.4512617011246223        1.7529612233109486     
   3638.3936198286688        1.4468012878094105        1.7549178146220761     
   3642.3192692273137        1.4425862188102236        1.7568689876825370     
   3646.2491542103426        1.4380876304807892        1.7588147292244369     
   3650.1832793477452        1.4334577470303309        1.7607550260580058     
   3654.1216492144417        1.4256956798974205        1.7626898650716938     
   3658.0642683902875        1.4149797777939239        1.7646192332322630     
   3662.0111414600806        1.4042627765330320        1.7665431175848834     
   3665.9622730135652        1.3950549734828834        1.7684615052532249     
   3669.9176676454381        1.3872572436433175        1.7703743834395427     
   3673.8773299553523        1.3829846351053112        1.7722817394247665     
   3677.8412940679336        1.3797760666428729        1.7741835747034653     
   3681.8095055845988        1.3774873135583148        1.7760798484030687     
   3685.7819986081008        1.3768415040635678        1.7779705622171569     
   3689.7587777579752        1.3770300595269718        1.7798557037421827     
   3693.7398476587437        1.3795019464418994        1.7817352606536803     
   3697.7252129399180        1.3847506834103229        1.7836092207063370     
   3701.7148782360036        1.3893408131503786        1.7854775717340674     
   3705.7088481865076        1.3935082907321463        1.7873403016500846     
   3709.7071274359414        1.3957797700706538        1.7891973984469700     
   3713.7097206338294        1.3964147614736198        1.7910488501967383     
   3717.7166324347118        1.3949765547020745        1.7928946450509069     
   3721.7278674981508        1.3936479515901725        1.7947347712405550     
   3725.7434304887347        1.3911103152592843        1.7965692170763883     
   3729.7633260760877        1.3891864727209302        1.7983979709487989     
   3733.7875589348696        1.3840643901236365        1.8002210213279199     
   3737.8161337447850        1.3783913849236238        1.8020383567636848     
   3741.8490551905879        1.3716421698604171        1.8038499658858784     
   3745.8863279620859        1.3640509254099202        1.8056558374041920     
   3749.9279567541485        1.3562238727619365        1.8074559601082700     
   3753.9740065288775        1.3464534711952154        1.8092503495362005     
   3758.0243615319600        1.3326722235439497        1.8110389412148133     
   3762.0790866706966        1.3188552168389409        1.8128217509281657     
   3766.1381866602519        1.3037991005522303        1.8145987677861894     
   3770.2016662208744        1.2889094500903915        1.8163699809789897     
   3774.2695300779096        1.2736009369250223        1.8181353797768895     
   3778.3417829617993        1.2563769877339188        1.8198949535304649     
   3782.4184296080889        1.2376387247409077        1.8216486916705801     
   3786.4994747574351        1.2177597864588932        1.8233965837084198     
   3790.5849231556076        1.1974165782211854        1.8251386192355223     
   3794.6747795534966        1.1831300542457843        1.8268747879238085     
   3798.7690487071200        1.1812398666695918        1.8286050795256084     
   3802.8677353776261        1.1834714143797194        1.8303294838736874     
   3806.9708443313007        1.1879781193946914        1.8320479908812715     
   3811.0783803395702        1.1936886614433155        1.8337605905420704     
   3815.1903481790132        1.1961088361229590        1.8354672729302928     
   3819.3067526313571        1.1962681609077648        1.8371680282006702     
   3823.4275984834917        1.1969708233087419        1.8388628465884713     
   3827.5528905274723        1.2030036896094614        1.8405517184095181     
   3831.6826335605219        1.2080006289360152        1.8422346340601985     
   3835.8168323850405        1.2067766660702683        1.8439115840174760     
   3839.9554918086114        1.2041861949477535        1.8455825588389034     
   3844.0986166440020        1.1972090871608607        1.8472475491626243     
   3848.2462117091754        1.1872751798541570        1.8489065457073857     
   3852.3982818272907        1.1701856304498193        1.8505595392725362     
   3856.5548937356020        1.1486619904888105        1.8522065452106502     
   3860.7159285167004        1.1207561520271818        1.8538475054473622     
   3864.8814528515391        1.0924098622811982        1.8554824355860264     
   3869.0514715841282        1.0681440173498795        1.8571113267484176     
   3873.2259895637044        1.0758768816191777        1.8587341701369116     
   3877.4050116447352        1.0979328130913308        1.8603509570344769     
   3881.5885426869263        1.1141399961680289        1.8619616788046665     
   3885.7765875552277        1.1354328567659289        1.8635663268916070     
   3889.9691511198375        1.1485717889788432        1.8651648928199902     
   3894.1662382562090        1.1580943840547104        1.8667573681950567     
   3898.3678538450554        1.1718102976672669        1.8683437447025815     
   3902.5740027723573        1.1873014226410878        1.8699240141088611     
   3906.7846899293640        1.2075834927052844        1.8714981682606879     
   3910.9999202126050        1.2369170690226434        1.8730661990853352     
   3915.2196985238929        1.2727505698135473        1.8746280985905390     
   3919.4440297703277        1.3033324970324707        1.8761838588644630     
   3923.6729188643048        1.3288247343881212        1.8777334720756873     
   3927.9063707235196        1.3493199707340724        1.8792769304731687     
   3932.1443902709730        1.3659329022235780        1.8808142263862220     
   3936.3869824349772        1.3777349319835810        1.8823453522244840     
   3940.6341521491640        1.3917607773018559        1.8838703004778874     
   3944.8859043524872        1.4033065136016416        1.8853890637166197     
   3949.1422439892285        1.4081372282339057        1.8869016345910956     
   3953.4031760090047        1.4111716753351196        1.8884080058319150     
   3957.6687053667738        1.4132453692266020        1.8899081702498286     
   3961.9389006234478        1.4147489306987562        1.8914021429287562     
   3966.2136396120873        1.4135042397391600        1.8928898723608401     
   3970.4929908357662        1.4118216631391547        1.8943713738826498     
   3974.7769592708610        1.4040783921169053        1.8958466406251149     
   3979.0655498991182        1.3996435918593704        1.8973156657991008     
   3983.3587677076589        1.3941528069594600        1.8987784426953553     
   3987.6566176889846        1.3881697618163076        1.9002349646844645     
   3991.9591048409843        1.3811156618160816        1.9016852252167964     
   3996.2662341669397        1.3735443409027375        1.9031292178224530     
   4000.5780106755296        1.3642308659440894        1.9045669361112116     
   4004.8944393808374        1.3521523975116105        1.9059983737724722     
   4009.2155253023575        1.3385308236193185        1.9074235245752011     
   4013.5412734649990        1.3248598470077821        1.9088423823678666     
   4017.8716888990921        1.3114973636051093        1.9102549410783851     
   4022.2067766403961        1.2981425226982113        1.9116611947140554     
   4026.5465417301025        1.2844785805190975        1.9130611373614941     
   4030.8909892148417        1.2720021057556645        1.9144547631865740     
   4035.2401241466905        1.2589474607666704        1.9158420664343558     
   4039.5939515831760        1.2464902155379589        1.9172230414290206     
   4043.9524765872807        1.2343128208803738        1.9185976825737980     
   4048.3157042274529        1.2222166817880227        1.9199659843508992     
   4052.6836395776063        1.2097308036371750        1.9213279413214437     
   4057.0562877171319        1.1975878526473733        1.9226835481253810     
   4061.4336537308986        1.1878141820771093        1.9240327994814201     
   4065.8157427092633        1.1828746647442330        1.9253756901869503     
   4070.2026250866302        1.1820727517767677        1.9267122349664259     
   4074.5941753577313        1.1827356938696576        1.9280423889825626     
   4078.9904638975527        1.1851755501726660        1.9293661672115778     
   4083.3914958184560        1.1881016817124042        1.9306835647647902     
   4087.7972762383174        1.1897490097577292        1.9319945768317897     
   4092.2078102805363        1.1914020988177543        1.9332991986803563     
   4096.6231030740391        1.1941009918102130        1.9345974256563725     
   4101.0431597532861        1.1976544235858924        1.9358892531837331     
   4105.4679854582801        1.2004136703844521        1.9371746767642608     
   4109.8975853345646        1.2036148538369931        1.9384536919776085     
   4114.3319645332394        1.2083256810455703        1.9397262944811693     
   4118.7711282109594        1.2125977413435050        1.9409924800099863     
   4123.2150815299456        1.2163022042082692        1.9422522443766506     
   4127.6638296579868        1.2185770719127758        1.9435055834712105     
   4132.1173777684480        1.2179457233552604        1.9447524932610711     
   4136.5757310402778        1.2172475456349139        1.9459929697908964     
   4141.0388946580088        1.2161165835638270        1.9472270091825021     
   4145.5068738117716        1.2120813886857524        1.9484546076347653     
   4149.9796736972939        1.2076920957396280        1.9496757614235127     
   4154.4572995159115        1.2022531373848799        1.9508904669014171     
   4158.9397564745695        1.1944951351983997        1.9520987204978957     
   4163.4270497858333        1.1862439861095289        1.9533005187189940     
   4167.9191846678923        1.1853894325625665        1.9544958581472893     
   4172.4161663445639        1.1808396680000566        1.9556847354417712     
   4176.9180000453052        1.1751978738739426        1.9568671473377355     
   4181.4247581292057        1.1694004386467138        1.9580431081039145     
   4185.9363116614486        1.1613519384451472        1.9592125796170214     
   4190.4527329400817        1.1521890979318625        1.9603755763941484     
   4194.9740272171666        1.1449345953187609        1.9615320954746742     
   4199.5001997504314        1.1365013352053097        1.9626821339737084     
   4204.0312558032765        1.1288234457949347        1.9638256890819699     
   4208.5672006447812        1.1221827398014310        1.9649627580656728     
   4213.1080395497111        1.1140239503471143        1.9660933382663996     
   4217.6537777985213        1.1081639478862322        1.9672174271009806     
   4222.2044206773653        1.1035281022250092        1.9683350220613736     
   4226.7599734781006        1.0980633779068956        1.9694461207145328     
   4231.3204414982920        1.0964922813088338        1.9705507207022921     
   4235.8858300412239        1.1002247923130306        1.9716488197412270     
   4240.4561444158981        1.1069660086749336        1.9727404156225357     
   4245.0313899370494        1.1148726534067603        1.9738255062119048     
   4249.6115719251420        1.1233748393742817        1.9749040894493801     
   4254.1966957063860        1.1306094108449867        1.9759761633492368     
   4258.7867666127331        1.1371913460898881        1.9770417259998390     
   4263.3817899818914        1.1421080565735708        1.9781007755635172     
   4267.9817711573260        1.1473834229625897        1.9791533102764221     
   4272.5867154882690        1.1531876083030534        1.9801993284483996     
   4277.1966283297224        1.1575170440422142        1.9812388284628402     
   4281.8115150424692        1.1602313943972637        1.9822718087765534     
   4286.4313809930718        1.1657522318663456        1.9832982679196183     
   4291.0562315538855        1.1689018636773867        1.9843182044952481     
   4295.6860721030625        1.1699971806513758        1.9853316171796469     
   4300.3209080245560        1.1680434043426891        1.9863385047218700     
   4304.9607447081307        1.1643458280613486        1.9873388659436710     
   4309.6055875493648        1.1599398865885333        1.9883326997393662     
   4314.2554419496573        1.1543027978067244        1.9893200050756870     
   4318.9103133162380        1.1478239837685678        1.9903007809916275     
   4323.5702070621664        1.1425250834100718        1.9912750265983008     
   4328.2351286063486        1.1361904061118540        1.9922427410787893     
   4332.9050833735309        1.1285025319204707        1.9932039236879933     
   4337.5800767943165        1.1183263894094517        1.9941585737524823     
   4342.2601143051679        1.1045713916181437        1.9951066906703376     
   4346.9452013484124        1.0902883822332197        1.9960482739110066     
   4351.6354830849841        1.0754675248544132        1.9969833507566501     
   4356.3306856942327        1.0597723909103947        1.9979118651413998     
   4361.0309541982760        1.0440156325503911        1.9988338446839142     
   4365.7362940629673        1.0285909474296751        1.9997492891375364     
   4370.4467107600585        1.0114094597806764        2.0006581983261897     
   4375.1622097672025       0.99197880750827749        2.0015605721442196     
   4379.8827965679657       0.97041225001063003        2.0024564105562361     
   4384.6084766518297       0.95046057353210667        2.0033457135969446     
   4389.3392555141972       0.93097041093918753        2.0042284813709932     
   4394.0751386564025       0.91469068799250020        2.0051047140528073     
   4398.8161315857160       0.89944506397457979        2.0059744118864224     
   4403.5622398153473       0.88946045099504401        2.0068375751853211     
   4408.3134688644568       0.88519087660185547        2.0076942043322723     
   4413.0698242581593       0.90185290503837601        2.0085442997791536     
   4417.8313115275305       0.91614291203126641        2.0093878620467978     
   4422.5979362096141       0.93193565473938322        2.0102248917248136     
   4427.3697038474274       0.94752318897387400        2.0110553894714207     
   4432.1466199899714       0.95997437221186022        2.0118793560132819     
   4436.9286901922287       0.96727887283428737        2.0126967921453289     
   4441.7159200151809       0.97176917770417715        2.0135076987305913     
   4446.5083150258060       0.98086234090765068        2.0143120767000244     
   4451.3058807970901       0.98262622332880534        2.0151099270523387     
   4456.1086229080320       0.99293933488939246        2.0159012508538177     
   4460.9165469436493        1.0007863895561120        2.0166860492381535     
   4465.7296584949881        1.0148108732128616        2.0174643234062613     
   4470.5479631591234        1.0296091344930978        2.0182360746261092     
   4475.3714665391708        1.0410716714373605        2.0190013042325394     
   4480.2001742442917        1.0548276024485967        2.0197600136270868     
   4485.0340918897000        1.0658829623884829        2.0205122042778019     
   4489.8732250966659        1.0789109795990979        2.0212578777190742     
   4494.7175794925270        1.0900662734542632        2.0219970355514478     
   4499.5671607106924        1.0981569616343625        2.0227296794414396     
   4504.4219743906469        1.1041117475847557        2.0234558111213587     
   4509.2820261779625        1.1078161189287596        2.0241754323891255     
   4514.1473217243029        1.1148569203262884        2.0248885451080851     
   4519.0178666874272        1.1182016233062646        2.0255951512068218     
   4523.8936667312000        1.1180734878988106        2.0262952526789810     
   4528.7747275255988        1.1145402227875827        2.0269888515830745     
   4533.6610547467153        1.1093011699673296        2.0276759500422994     
   4538.5526540767687        1.1013778810583121        2.0283565502443506     
   4543.4495312041072        1.0932229131161102        2.0290306544412311     
   4548.3516918232172        1.0867604663970352        2.0296982649490651     
   4553.2591416347268        1.0804844044169435        2.0303593841479075     
   4558.1718863454198        1.0781378110706623        2.0310140144815563     
   4563.0899316682326        1.0765281245432343        2.0316621584573582     
   4568.0132833222669        1.0762842578557310        2.0323038186460205     
   4572.9419470327975        1.0751392820185570        2.0329389976814181     
   4577.8759285312735        1.0716156026559871        2.0335676982603998     
   4582.8152335553277        1.0668248031681020        2.0341899231425988     
   4587.7598678487857        1.0614887679290481        2.0348056751502352     
   4592.7099846142964        1.0558059766778278        2.0354149752115074     
   4597.6652948619276        1.0505645520503804        2.0360177899935636     
   4602.6259516478176        1.0454247581570675        2.0366141407413920     
   4607.5919607406222        1.0399119225009881        2.0372040305256136     
   4612.5633279152198        1.0335963230183030        2.0377874624784664     
   4617.5400589527189        1.0282017640824586        2.0383644397935963     
   4622.5221596404654        1.0221455325257771        2.0389349657258653     
   4627.5096357720522        1.0172754510764419        2.0394990435911509     
   4632.5024931473208        1.0125846614356262        2.0400566767661470     
   4637.5007375723699        1.0098296696510283        2.0406078686881686     
   4642.5043748595645        1.0096245392448420        2.0411526228549417     
   4647.5134108275388        1.0093345188474387        2.0416909428244123     
   4652.5278513012081        1.0078766675577726        2.0422228322145415     
   4657.5477021117686        1.0047315231230640        2.0427482947030984     
   4662.5729690967128        1.0009953286471238        2.0432673340274694     
   4667.6036580998252       0.99680544547740091        2.0437799539844437     
   4672.6397749712032       0.99335726866935470        2.0442861584300176     
   4677.6813255672487       0.98950776917676775        2.0447859512791853     
   4682.7283157506881       0.98629744684053022        2.0452793365057378     
   4687.7807513905709       0.98373527236512348        2.0457663181420589     
   4692.8386383622774       0.97877337332542802        2.0462469002789172     
   4697.9019825475307       0.97294598577359159        2.0467210870652561     
   4702.9707898343986       0.96666183340551792        2.0471888827080016     
   4708.0450661172999       0.96070199356009545        2.0476502914718382     
   4713.1248172970154       0.95345954711791747        2.0481053176790147     
   4718.2100492806921       0.94555105083857038        2.0485539657091296     
   4723.3007679818502       0.93773257568038160        2.0489962399989254     
   4728.3969793203905       0.93034226161871769        2.0494321450420796     
   4733.4986892226025       0.92137692026596807        2.0498616853889975     
   4738.6059036211664       0.91413904117723577        2.0502848656465984     
   4743.7186284551653       0.91062020687858936        2.0507016904781086     
   4748.8368696700918       0.90921738612634473        2.0511121646028529     
   4753.9606332178528       0.90783668395891748        2.0515162927960433     
   4759.0899250567736       0.90600699132111473        2.0519140798885624     
   4764.2247511516134       0.90318556645204695        2.0523055307667599     
   4769.3651174735633       0.90063872933877154        2.0526906503722380     
   4774.5110300002589       0.89794837854916709        2.0530694437016348     
   4779.6624947157852       0.89378575483677924        2.0534419158064190     
   4784.8195176106829       0.89194484340687985        2.0538080717926728     
   4789.9821046819552       0.89588620619926806        2.0541679168208784     
   4795.1502619330795       0.89795911551375018        2.0545214561057077     
   4800.3239953740085       0.89765031739704171        2.0548686949158044     
   4805.5033110211780       0.89634922097730441        2.0552096385735719     
   4810.6882148975155       0.89384961034751309        2.0555442924549587     
   4815.8787130324499       0.88865550852459485        2.0558726619892438     
   4821.0748114619137       0.88241861327282567        2.0561947526588198     
   4826.2765162283495       0.87537667209248771        2.0565105699989794     
   4831.4838333807247       0.86341203703066516        2.0568201195976985     
   4836.6967689745279       0.85320608937668418        2.0571234070954203     
   4841.9153290717841       0.84391018923704009        2.0574204381848382     
   4847.1396753623549       0.83928097047092964        2.0577112271749582     
   4852.3695028466682       0.84792435340788097        2.0579957625479324     
   4857.6049730599625       0.85256331354829251        2.0582740589021968     
   4862.8460920904654       0.85563611357025016        2.0585461221372827     
   4868.0928660329764       0.85740415590960206        2.0588119582038820     
   4873.3453009888699       0.85624974266241893        2.0590715731036378     
   4878.6034030661031       0.85737549571526894        2.0593249728889207     
   4883.8671783792242       0.85335771058950582        2.0595721636626112     
   4889.1366330493775       0.84986505411160107        2.0598131515778770     
   4894.4117732043132       0.83918202958327248        2.0600479428379654     
   4899.6926049783924       0.82921599111996680        2.0602765436959740     
   4904.9791345125950       0.81742637246573069        2.0604989604546335     
   4910.2713679545250       0.80538194016010567        2.0607151994660904     
   4915.5693114584219       0.79556614429803718        2.0609252671316844     
   4920.8729711851647       0.78265309187028842        2.0611291699017311     
   4926.1823533022780       0.77124216216713271        2.0613269142753019     
   4931.4974639839429       0.75917915488296794        2.0615185067999984     
   4936.8183094110027       0.75368151824322649        2.0617039540717408     
   4942.1448957709663       0.75720794857731610        2.0618832627345394     
   4947.4772292580201       0.76726046804327397        2.0620564394802767     
   4952.8153160730353       0.78062844840030210        2.0622234910484880     
   4958.1591624235725       0.79746177090480319        2.0623844242261384     
   4963.5087745238898       0.81381648984325106        2.0625392458473999     
   4968.8641585949499       0.83165484781647880        2.0626879627934320     
   4974.2253208644270       0.84889552388826117        2.0628305819921655     
   4979.5922675667171       0.86728196292277837        2.0629671104180658     
   4984.9650049429420       0.88373261755114285        2.0630975550919284     
   4990.3435392409538       0.89989674250759910        2.0632219230806461     
   4995.7278767153512       0.91159425124237170        2.0633402214969889     
   5001.1180236274768       0.92173295629209206        2.0634524574993849     
   5006.5139862454325       0.92641160545915502        2.0635586382916937     
   5011.9157708440807       0.92975880491053442        2.0636587711229897     
   5017.3233837050548       0.92821787524614874        2.0637528632873319     
   5022.7368311167656       0.92488233529894259        2.0638409221235499     
   5028.1561193744092       0.92136499828684582        2.0639229550150135     
   5033.5812547799733       0.91229668583669721        2.0639989693894170     
   5039.0122436422462       0.90283779419557297        2.0640689727185508     
   5044.4490922768227       0.89146042267199488        2.0641329725180810     
   5049.8918070061109       0.87890227655292985        2.0641909763473283     
   5055.3403941593406       0.86616553213159386        2.0642429918090399     
   5060.7948600725731       0.85113751397309767        2.0642890265491722     
   5066.2552110887018       0.83542314380309768        2.0643290882566658     
   5071.7214535574658       0.81866127066318284        2.0643631846632200     
   5077.1935938354572       0.80178311914173195        2.0643913235430742     
   5082.6716382861232       0.78489708185062690        2.0644135127127798     
   5088.1555932797792       0.78001426177731936        2.0644297600309818     
   5093.6454651936128       0.77979057747676273        2.0644400733981914     
   5099.1412604116922       0.77711783559865533        2.0644444607565671     
   5104.6429853249738       0.77418628758304764        2.0644429300896903     
   5110.1506463313108       0.77360817190946751        2.0644354894223391     
   5115.6644140779545       0.77089297184957639        2.0644221463352430     
   5121.1839666687865       0.77431109444918889        2.0644029097296066     
   5126.7094745878685       0.77841928874890698        2.0643777874430356     
   5132.2409442607095       0.78815980219901427        2.0643467876628785     
   5137.7783821197518       0.79638038592020899        2.0643099186165630     
   5143.3217946043769       0.80768358351897263        2.0642671885713755     
   5148.8711881609142       0.81649955360682036        2.0642186058342471     
   5154.4265692426488       0.82491676655980228        2.0641641787515148     
   5159.9879443098298       0.83052155357871993        2.0641039157087131     
   5165.5553198296739       0.83556386034877561        2.0640378251303448     
   5171.1287022763781       0.83624612317610636        2.0639659154796579     
   5176.7080981311237       0.83691259716984201        2.0638881952584232     
   5182.2935138820849       0.83763756164551950        2.0638046730067128     
   5187.8849560244353       0.83616315979474309        2.0637153573026787     
   5193.4824310603599       0.83381343570323474        2.0636202567623281     
   5199.0859454990541       0.83286546643185644        2.0635193800392995     
   5204.6955058567401       0.83011648187084430        2.0634127358246448     
   5210.3111186566694       0.82554556294149506        2.0633003328466049     
   5215.9327904291340       0.82050142754408606        2.0631821798703847     
   5221.5605277114691       0.81310479486095610        2.0630582856979398     
   5227.1943370480631       0.80585351798467597        2.0629286591677429     
   5232.8342249903681       0.80082105814011606        2.0627933091545692     
   5238.4801980969023       0.79778757885119556        2.0626522445692737     
   5244.1322629332626       0.79260953064987505        2.0625054743585727     
   5249.7904260721280       0.78741446969147921        2.0623530075048104     
   5255.4546940932687       0.78037082599084040        2.0621948530257566     
   5261.1250735835565       0.77511710038869941        2.0620310199743690     
   5266.8015711369690       0.77282877350196499        2.0618615174385773     
   5272.4841933545958       0.77106107576668625        2.0616863545410666     
   5278.1729468446538       0.76845888892847236        2.0615055404390525     
   5283.8678382224862       0.76403184087637366        2.0613190843240590     
   5289.5688741105741       0.75984014592704541        2.0611269954217035     
   5295.2760611385465       0.75676275766060075        2.0609292829914709     
   5300.9894059431817       0.75114441396210052        2.0607259563264995     
   5306.7089151684213       0.74460922384830475        2.0605170247533531     
   5312.4345954653736       0.73609041076938275        2.0603024976318092     
   5318.1664534923257       0.72751250413342328        2.0600823843546352     
   5323.9044959147468       0.71769063422942880        2.0598566943473680     
   5329.6487294052986       0.70742021718661896        2.0596254370680973     
   5335.3991606438403       0.69690278396845395        2.0593886220072508     
   5341.1557963174428       0.68620410050646241        2.0591462586873615     
   5346.9186431203862       0.67950589209233037        2.0588983566628638     
   5352.6877077541767       0.67678700905458733        2.0586449255198689     
   5358.4629969275538       0.67380999938114627        2.0583859748759470     
   5364.2445173564884       0.67251334294214582        2.0581215143799061     
   5370.0322757642043       0.67848196208243006        2.0578515537115809     
   5375.8262788811753       0.68866890737416497        2.0575761025816113     
   5381.6265334451391       0.69752959705844686        2.0572951707312250     
   5387.4330462011021       0.70863221234189055        2.0570087679320181     
   5393.2458239013476       0.71775923513177298        2.0567169039857460     
   5399.0650466467469       0.72663947008916385        2.0564195797912146     
   5404.8903747085878       0.73235800600448697        2.0561168229137445     
   5410.7219880155099       0.73580773176267300        2.0558086344735229     
   5416.5598933489864       0.73879411226302560        2.0554950243907575     
   5422.4040974978079       0.74130563594894461        2.0551760026147265     
   5428.2546072580881       0.74531935946708106        2.0548515791235706     
   5434.1114294332756       0.74679317463772132        2.0545217639240709     
   5439.9745708341570       0.74801822204215052        2.0541865670514348     
   5445.8440382788704       0.74587443570222300        2.0538459985690865     
   5451.7198385929078       0.74316853574016362        2.0535000685684506     
   5457.6019786091265       0.73709512357268170        2.0531487871687313     
   5463.4904651677571       0.73170533892348444        2.0527921645167075     
   5469.3853051164087       0.72734815918451390        2.0524302107865142     
   5475.2865053100804       0.72127032892867438        2.0520629361794342     
   5481.1940726111652       0.71556194110375992        2.0516903509236775     
   5487.1080138894631       0.70884743026521735        2.0513124652741750     
   5493.0283360221838       0.70185893442611658        2.0509292895123643     
   5498.9550458939593       0.69489508189410598        2.0505408339459774     
   5504.8881503968478       0.68673642568716153        2.0501471089088272     
   5510.8276564303451       0.67786577792994085        2.0497481247605998     
   5516.7735709013905       0.67060600515703372        2.0493438918866427     
   5522.7259007243765       0.66496550418170552        2.0489344206977473     
   5528.6846528211545       0.65905053927281132        2.0485197216299484     
   5534.6498341210445       0.65369478655359681        2.0480998051443096     
   5540.6214515608444       0.64747420908626363        2.0476746817267077     
   5546.5995120848347       0.64179683950474042        2.0472443618876364     
   5552.5840226447899       0.64070491143547403        2.0468088561619839     
   5558.5749901999843       0.64421519764750101        2.0463681751088276     
   5564.5724217172001       0.65032056675845484        2.0459223293112339     
   5570.5763241707391       0.65759782350177387        2.0454713293760372     
   5576.5867045424238       0.66713592774722319        2.0450151859336430     
   5582.6035698216147       0.67731480037461511        2.0445539096378123     
   5588.6269270052089       0.68747003064585721        2.0440875111654564     
   5594.6567830976574       0.69660052775406289        2.0436160012164373     
   5600.6931451109631       0.70460571685114393        2.0431393905133510     
   5606.7360200646999       0.71053424750719563        2.0426576898013220     
   5612.7854149860113       0.71523361212490899        2.0421709098478091     
   5618.8413369096261       0.71926784508193853        2.0416790614423870     
   5624.9037928778616       0.72261416185608740        2.0411821553965463     
   5630.9727899406325       0.72410207508213076        2.0406802025434945     
   5637.0483351554603       0.72348127610899671        2.0401732137379351     
   5643.1304355874845       0.72063799758720049        2.0396611998558858     
   5649.2190983094642       0.71666604929016364        2.0391441717944572     
   5655.3143304017885       0.71159297173639169        2.0386221404716576     
   5661.4161389524888       0.70599142789685410        2.0380951168261912     
   5667.5245310572454       0.69850512054259228        2.0375631118172510     
   5673.6395138193893       0.69128090714034029        2.0370261364243172     
   5679.7610943499203       0.68353079834817443        2.0364842016469615     
   5685.8892797675080       0.67521656289342380        2.0359373185046410     
   5692.0240771985045       0.66636841349091869        2.0353854980364949     
   5698.1654937769499       0.65700997659114013        2.0348287513011534     
   5704.3135366445804       0.64717433535820779        2.0342670893765256     
   5710.4682129508410       0.63687929678156641        2.0337005233596086     
   5716.6295298528876       0.62610056271110459        2.0331290643662863     
   5722.7974945155993       0.61478182151550020        2.0325527235311291     
   5728.9721141115870       0.60291612716759735        2.0319715120071962     
   5735.1533958211976       0.59051818141284507        2.0313854409658401     
   5741.3413468325289       0.57757270459013343        2.0307945215965022     
   5747.5359743414319       0.56415386434242842        2.0301987651065234     
   5753.7372855515205       0.55044273273685074        2.0295981827209437     
   5759.9452876741852       0.53665966187144509        2.0289927856823056     
   5766.1599879285923       0.52324252148267569        2.0283825852504584     
   5772.3813935417002       0.51092401711216184        2.0277675927023657     
   5778.6095117482655       0.50187434723248558        2.0271478193319084     
   5784.8443497908474       0.51940053835146682        2.0265232764496850     
   5791.0859149198232       0.53633140972928439        2.0258939753828256     
   5797.3342143933887       0.55405388715610404        2.0252599274747967     
   5803.5892554775764       0.57289923341564974        2.0246211440852022     
   5809.8510454462548       0.59135474329728344        2.0239776365895947     
   5816.1195915811413       0.60760648789056182        2.0233294163792861     
   5822.3949011718087       0.62468063993253109        2.0226764948611500     
   5828.6769815156977       0.63694952170750296        2.0220188834574344     
   5834.9658399181199       0.64910460969293959        2.0213565936055651     
   5841.2614836922703       0.66066330328475031        2.0206896367579636     
   5847.5639201592357       0.66666582551396869        2.0200180243818506     
   5853.8735325345751       0.67199714100552643        2.0193417275532730     
   5860.1895767875931       0.67731651883535504        2.0186608383045481     
   5866.5124357445466       0.67738507448919505        2.0179753280165724     
   5872.8421167581710       0.67642733016660150        2.0172852082138752     
   5879.1786271891324       0.66960963418570463        2.0165904904348491     
   5885.5219744060378       0.66729562772736462        2.0158911862315527     
   5891.8721657854476       0.66463881601080876        2.0151873071695325     
   5898.2292087118794       0.66174047943614656        2.0144788648276246     
   5904.5931105778182       0.65857186546719604        2.0137658707977844     
   5910.9638787837257       0.65513704641730031        2.0130483366848848     
   5917.3415207380476       0.65182730822505586        2.0123262741065435     
   5923.7260438572230       0.64823680410447448        2.0115996946929351     
   5930.1174555656953       0.64460777327917007        2.0108686100866024     
   5936.5157632959153       0.64093112176594846        2.0101330319422765     
   5942.9209744883547       0.63716272719934897        2.0093929719267001     
   5949.3330965915120       0.63318802361075188        2.0086484417184285     
   5955.7521370619252       0.62916495856788501        2.0078994530076675     
   5962.1781033641728       0.62516304949292867        2.0071460174960754     
   5968.6110029708907       0.62146746353021753        2.0063881468965934     
   5975.0508433627783       0.61757379571797810        2.0056258529332545     
   5981.4976320286014       0.61392479579618198        2.0048591473410142     
   5987.9513764652120       0.61007185595450675        2.0040880418655647     
   5994.4120841775457       0.60648983164451487        2.0033125482631511     
   6000.8797626786381       0.60313805743064886        2.0025326783004087     
   6007.3544194896313       0.59982538338499558        2.0017484437541668     
   6013.8360621397806       0.59619685327805194        2.0009598564112818     
   6020.3246981664670       0.59264484608430135        2.0001669280684560     
   6026.8203351152024       0.58917783993660955        1.9993696705320654     
   6033.3229805396404       0.58579432417641486        1.9985680956179774     
   6039.8326420015846       0.58250242330449986        1.9977622151513790     
   6046.3493270709978       0.57946327045441359        1.9969520409666037     
   6052.8730433260107       0.57716897582408866        1.9961375849069503     
   6059.4037983529288       0.57549691682033910        1.9953188588245145     
   6065.9415997462456       0.57398716981675990        1.9944958745800159     
   6072.4864551086448       0.57202846709809774        1.9936686440426217     
   6079.0383720510172       0.56950681414647630        1.9928371790897719     
   6085.5973581924627       0.56678327979251009        1.9920014916070159     
   6092.1634211603014       0.56472228864510055        1.9911615934878337     
   6098.7365685900868       0.56292367862083426        1.9903174966334667     
   6105.3168081256063       0.56095394125666387        1.9894692129527496     
   6111.9041474188953       0.55838475700181411        1.9886167543619357     
   6118.4985941302484       0.55494288131383551        1.9877601327845345     
   6125.1001559282231       0.55044916448818193        1.9868993601511344     
   6131.7088404896504       0.54507965209470310        1.9860344483992440     
   6138.3246554996449       0.53847196282254806        1.9851654094731130     
   6144.9476086516133       0.53216486157402332        1.9842922553235784     
   6151.5777076472632       0.52594862093199779        1.9834149979078828     
   6158.2149601966121       0.52046651625509499        1.9825336491895225     
   6164.8593740179940       0.51483904192277330        1.9816482211380695     
   6171.5109568380740       0.50852962079882402        1.9807587257290173     
   6178.1697163918525       0.50191181682936403        1.9798651749436078     
   6184.8356604226738       0.49513439974754808        1.9789675807686715     
   6191.5087966822402       0.48830495825644149        1.9780659551964617     
   6198.1891329306154       0.48079582545855903        1.9771603102244955     
   6204.8766769362355       0.47332013840005654        1.9762506578553869     
   6211.5714364759206       0.46644163555968088        1.9753370100966858     
   6218.2734193348806       0.45942881680666209        1.9744193789607172     
   6224.9826333067240       0.45179818172586528        1.9734977764644257     
   6231.6990861934682       0.44400659448108304        1.9725722146291997     
   6238.4227858055519       0.43593150992793112        1.9716427054807353     
   6245.1537399618373       0.42852923508632329        1.9707092610488517     
   6251.8919564896241       0.43035055078670220        1.9697718933673525     
   6258.6374432246566       0.43675391939068825        1.9688306144738559     
   6265.3902080111366       0.44441998354129492        1.9678854364096414     
   6272.1502587017239       0.45863084727287518        1.9669363712194954     
   6278.9176031575553       0.47304136543086567        1.9659834309515469     
   6285.6922492482472       0.48593184561444763        1.9650266276571198     
   6292.4742048519101       0.49932047503736698        1.9640659733905725     
   6299.2634778551492       0.51262586364672835        1.9631014802091449     
   6306.0600761530850       0.52248336052453215        1.9621331601728025     
   6312.8640076493512       0.52970976862823005        1.9611610253440863     
   6319.6752802561114       0.53767834900820866        1.9601850877879572     
   6326.4939018940686       0.54266534859188365        1.9592053595716401     
   6333.3198804924659       0.54672879040849398        1.9582218527644766     
   6340.1532239891076       0.54595844221298617        1.9572345794377759     
   6346.9939403303588       0.54414448317148822        1.9562435516646544     
   6353.8420374711604       0.53871943859914262        1.9552487815198947     
   6360.6975233750345       0.53349976994445136        1.9542502810797882     
   6367.5604060140959       0.52695134626015960        1.9532480624219919     
   6374.4306933690632       0.51738882922300389        1.9522421376253789     
   6381.3083934292636       0.50833741372951169        1.9512325187698825     
   6388.1935141926433       0.49809891409403656        1.9502192179363620     
   6395.0860636657799       0.48686181283749591        1.9492022472064419     
   6401.9860498638900       0.47479462426137026        1.9481816186623744     
   6408.8934808108370       0.46181376598522800        1.9471573443868908     
   6415.8083645391416       0.44767036960667372        1.9461294364630550     
   6422.7307090899922       0.43307397370282336        1.9450979069741203     
   6429.6605225132525       0.41824764923930152        1.9440627680033824     
   6436.5978128674724       0.40413023448962643        1.9430240316340408     
   6443.5425882198961       0.39060181648698095        1.9419817099490519     
   6450.4948566464709       0.37825257425639996        1.9409358150309823     
   6457.4546262318590       0.37208573198309686        1.9398863589618771     
   6464.4219050694455       0.38614043144950716        1.9388333538231095     
   6471.3967012613466       0.40076969621507630        1.9377768116952447     
   6478.3790229184224       0.41578211649398078        1.9367167446578961     
   6485.3688781602823       0.42812338856366078        1.9356531647895889     
   6492.3662751152979       0.44238892727902268        1.9345860841676175     
   6499.3712219206100       0.45827369397880868        1.9335155148679108     
   6506.3837267221397       0.46753983120864540        1.9324414689648886     
   6513.4037976745940       0.47704195520502191        1.9313639585313309     
   6520.4318616288347       0.48626610818724730        1.9302829311696623     
   6527.4670898342174       0.49505538760488493        1.9291985276816093     
   6534.5099087079734       0.49891731786750820        1.9281106958708429     
   6541.5603264400615       0.50174595601025607        1.9270194478022049     
   6548.6183512292791       0.50343587788701716        1.9259247955382117     
   6555.6839912832720       0.49968879663349225        1.9248267511389210     
   6562.7572548185408       0.49487932864245981        1.9237253266618040     
   6569.8381500604473       0.48852605269059929        1.9226205341616052     
   6576.9266852432329       0.49074666409727458        1.9215123856902130     
   6584.0228686100199       0.49290098908387786        1.9204008932965275     
   6591.1267084128267       0.49376892837291497        1.9192860690263298     
   6598.2382129125772       0.49425397861204723        1.9181679249221515     
   6605.3573903791012       0.49529670562533606        1.9170464730231427     
   6612.4842490911606       0.49564217950001482        1.9159217253649414     
   6619.6187973364422       0.49642073030073303        1.9147936939795493     
   6626.7610434115768       0.49618234281816598        1.9136623908951989     
   6633.9109956221491       0.49621421552462353        1.9125278281362259     
   6641.0686622827052       0.49492844127277458        1.9113900177229419     
   6648.2340517167586       0.49373932746558474        1.9102489716715125     
   6655.4071722568051       0.49253640943959193        1.9091047019938208     
   6662.5880322443336       0.49128804787572805        1.9079572206973519     
   6669.7766400298278       0.48837622813182607        1.9068065397850607     
   6676.9730039727874       0.48373645782568608        1.9056526712552542     
   6684.1771324417259       0.48053921022724461        1.9044956271014577     
   6691.3890338141891       0.47723043525650338        1.9033354193123004     
   6698.6087164767605       0.47384978382685949        1.9021720598713880     
   6705.8361888250747       0.47055399792480751        1.9010055607571810     
   6713.0714592638196       0.46726511221008382        1.8998359339428732     
   6720.3145362067589       0.46402050588246818        1.8986631913962724     
   6727.5654280767276       0.46081596479945441        1.8974873450796725     
   6734.8241433056519       0.45770284069284733        1.8963084069497456     
   6742.0906903345540       0.45468626435995463        1.8951263889574099     
   6749.3650776135664       0.45178295582807532        1.8939413030477195     
   6756.6473136019340       0.44901856360015491        1.8927531611597399     
   6763.9374067680346       0.44639144500628541        1.8915619752264359     
   6771.2353655893776       0.44389053028280767        1.8903677571745487     
   6778.5411985526234       0.44152215771607228        1.8891705189244845     
   6785.8549141535850       0.43928708163169122        1.8879702723901921     
   6793.1765208972483       0.43717773657757919        1.8867670294790537     
   6800.5060272977689       0.43518464684711655        1.8855608020917665     
   6807.8434418784909       0.43329612936174960        1.8843516021222269     
   6815.1887731719580       0.43151150922032394        1.8831394414574176     
   6822.5420297199144       0.42959567888903033        1.8819243319772994     
   6829.9032200733254       0.42729808800764835        1.8807062855546879     
   6837.2723527923808       0.42498566816696032        1.8794853140551486     
   6844.6494364465061       0.42264359065349144        1.8782614293368871     
   6852.0344796143709       0.42070128591166006        1.8770346432506300     
   6859.4274908839034       0.41886490811365140        1.8758049676395214     
   6866.8284788522969       0.41700204067683289        1.8745724143390077     
   6874.2374521260217       0.41509953209178135        1.8733369951767316     
   6881.6544193208329       0.41314383887690387        1.8720987219724230     
   6889.0793890617815       0.41111612411963594        1.8708576065377882     
   6896.5123699832238       0.40901018751079987        1.8696136606764024     
   6903.9533707288338       0.40682335453339474        1.8683668961836069     
   6911.4023999516103       0.40454072028667354        1.8671173248463946     
   6918.8594663138911       0.40216226544942191        1.8658649584433105     
   6926.3245784873570       0.39969783016839427        1.8646098087443421     
   6933.7977451530442       0.39716797871377463        1.8633518875108188     
   6941.2789750013590       0.39462474649175761        1.8620912064953019     
   6948.7682767320839       0.39219843766717144        1.8608277774414812     
   6956.2656590543829       0.39164264240405500        1.8595616120840772     
   6963.7711306868250       0.39261628354302508        1.8582927221487306     
   6971.2847003573770       0.39358188134444033        1.8570211193519073     
   6978.8063768034317       0.39376393424293477        1.8557468154007903     
   6986.3361687718025       0.39363924405886164        1.8544698219931828     
   6993.8740850187414       0.39371807061627051        1.8531901508174036     
   7001.4201343099503       0.39383342187031140        1.8519078135521911     
   7008.9743254205878       0.39273860227157337        1.8506228218666014     
   7016.5366671352804       0.39144716167773180        1.8493351874199073     
   7024.1071682481324       0.39006105691330728        1.8480449218615052     
   7031.6858375627371       0.38915705132979012        1.8467520368308099     
   7039.2726838921853       0.38744078404743604        1.8454565439571655     
   7046.8677160590787       0.38492617154858377        1.8441584548597396     
   7054.4709428955348       0.38263281331448301        1.8428577811474363     
   7062.0823732432054       0.37945199043751737        1.8415545344187891     
   7069.7020159532767       0.37518755574905871        1.8402487262618781     
   7077.3298798864898       0.37114530486505271        1.8389403682542238     
   7084.9659739131430       0.36658891535719451        1.8376294719627022     
   7092.6103069131050       0.36156189504584185        1.8363160489434434     
   7100.2628877758279       0.35618516995798893        1.8350001107417457     
   7107.9237254003529       0.35011827860565925        1.8336816688919750     
   7115.5928286953231       0.34344857361750836        1.8323607349174820     
   7123.2702065789954       0.33615163033047307        1.8310373203305006     
   7130.9558679792481       0.32813951931016061        1.8297114366320655     
   7138.6498218335882       0.31948068379822253        1.8283830953119187     
   7146.3520770891746       0.31037989166466212        1.8270523078484140     
   7154.0626427028110       0.30094510515005374        1.8257190857084371     
   7161.7815276409710       0.30164220946326753        1.8243834403473116     
   7169.5087408797981       0.30531351474762641        1.8230453832087081     
   7177.2442914051253       0.31897511257332556        1.8217049257245641     
   7184.9881882124773       0.33383849072888216        1.8203620793149893     
   7192.7404403070841       0.34921422501837457        1.8190168553881816     
   7200.5010567038962       0.36530024474756451        1.8176692653403412     
   7208.2700464275858       0.37697329845391142        1.8163193205555836     
   7216.0474185125659       0.38448320685167242        1.8149670324058562     
   7223.8331820029971       0.38662928191845675        1.8136124122508526     
   7231.6273459527929       0.38588675753241297        1.8122554714379282     
   7239.4299194256428       0.38505201884594237        1.8108962213020157     
   7247.2409114950106       0.38439163577071145        1.8095346731655453     
   7255.0603312441526       0.38358954721776706        1.8081708383383577     
   7262.8886541278134       0.38280839848030207        1.8068046467049654     
   7270.7249570286631       0.38195639673788623        1.8054362722406294     
   7278.5697149184416       0.38096337799639513        1.8040656449394292     
   7286.4229369196682       0.37978966672298348        1.8026927760600422     
   7294.2846321647085       0.37870167193096066        1.8013176768481491     
   7302.1548097957766       0.37758450470243338        1.7999403585363638     
   7310.0334789649569       0.37639515860607425        1.7985608323441427     
   7317.9206488342024       0.37512145250790585        1.7971791094777181     
   7325.8163285753562       0.37380339406384638        1.7957952011300102     
   7333.7205273701538       0.37254117984413593        1.7944091184805586     
   7341.6332544102406       0.37113289683191947        1.7930208726954362     
   7349.5545188971773       0.36952716092884685        1.7916304749271803     
   7357.4843300424518       0.36788656986567120        1.7902379363147143     
   7365.4226970674927       0.36623341722075170        1.7888432679832686     
   7373.3696292036766       0.36457956943810399        1.7874464810443111     
   7381.3251356923429       0.36291798444517609        1.7860475865954690     
   7389.2892257847980       0.36136220335858543        1.7846465957204576     
   7397.2619087423327       0.36040734788287182        1.7832435194890048     
   7405.2431938362315       0.35950143167299292        1.7818383689567789     
   7413.2330903477759       0.35860009428997514        1.7804311551653154     
   7421.2316075682702       0.35774914215034836        1.7790218891419480     
   7429.2387547990375       0.35686776332806919        1.7776105818997321     
   7437.2545413514390       0.35568303229279391        1.7761972444373799     
   7445.2789765468797       0.35335812440529890        1.7747818877391832     
   7453.3120697168251       0.35082368878970932        1.7733645227749508     
   7461.3538302028101       0.34768655203586374        1.7719451604999328     
   7469.4042673564427       0.34475935785232686        1.7705238118547542     
   7477.4633905394248       0.34234168650941210        1.7691004877653487     
   7485.5312091235628       0.34018863960607798        1.7676751991428845     
   7493.6077324907656       0.33832430372228922        1.7662479568837031     
   7501.6929700330720       0.33658426231706989        1.7648187718692516     
   7509.7869311526547       0.33495915132766924        1.7633876549660108     
   7517.8896252618242       0.33338717738306428        1.7619546170254352     
   7526.0010617830521       0.33190239709449759        1.7605196688838849     
   7534.1212501489781       0.33056327433475319        1.7590828213625578     
   7542.2501998024118       0.32925481698634973        1.7576440852674331     
   7550.3879201963573       0.32795587926744774        1.7562034713891979     
   7558.5344207940152       0.32676442865053534        1.7547609905031893     
   7566.6897110687987       0.32534338923359846        1.7533166533693294     
   7574.8538005043401       0.32390105384917128        1.7518704707320627     
   7583.0266985945073       0.32241266567989740        1.7504224533202941     
   7591.2084148434069       0.32093779033010689        1.7489726118473279     
   7599.3989587654014       0.31944626578516216        1.7475209570108055     
   7607.5983398851231       0.31830268523351357        1.7460674994926439     
   7615.8065677374743       0.31718557513110024        1.7446122499589776     
   7624.0236518676520       0.31622375261964719        1.7431552190600981     
   7632.2496018311449       0.31488507374558056        1.7416964174303931     
   7640.4844271937582       0.31346912689645340        1.7402358556882886     
   7648.7281375316134       0.31186511928399974        1.7387735444361911     
   7656.9807424311648       0.31006266992586951        1.7373094942604286     
   7665.2422514892123       0.30839973493999173        1.7358437157311934     
   7673.5126743129085       0.30665755924719412        1.7343762194024854     
   7681.7920205197724       0.30486092659059538        1.7329070158120570     
   7690.0802997376995       0.30321324772934682        1.7314361154813518     
   7698.3775216049744       0.30149456298589800        1.7299635289154565     
   7706.6836957702781       0.29968042609993206        1.7284892666030385     
   7714.9988318927044       0.29771550324638330        1.7270133390162965     
   7723.3229396417692       0.29563735711898526        1.7255357566109029     
   7731.6560286974200       0.29339979916099218        1.7240565298259509     
   7739.9981087500473       0.29113922488314414        1.7225756690839047     
   7748.3491895005000       0.28885893268362028        1.7210931847905391     
   7756.7092806600949       0.28718929447263847        1.7196090873348926     
   7765.0783919506202       0.28603760020486452        1.7181233870892163     
   7773.4565331043586       0.28649552987936866        1.7166360944089176     
   7781.8437138640938       0.28777331635069564        1.7151472196325130     
   7790.2399439831188       0.28877069219543988        1.7136567730815753     
   7798.6452332252529       0.28994507032485806        1.7121647650606844     
   7807.0595913648467       0.29112102743899626        1.7106712058573785     
   7815.4830281867999       0.29174353048360996        1.7091761057421004     
   7823.9155534865677       0.29251868291535632        1.7076794749681556     
   7832.3571770701728       0.29304964388975191        1.7061813237716585     
   7840.8079087542246       0.29392651142896969        1.7046816623714844     
   7849.2677583659151       0.29444543958895858        1.7031805009692254     
   7857.7367357430467       0.29494891677250995        1.7016778497491405     
   7866.2148507340326       0.29531203541292922        1.7001737188781105     
   7874.7021131979136       0.29533705131018551        1.6986681185055903     
   7883.1985330043644       0.29466059345704332        1.6971610587635630     
   7891.7041200337144       0.29401261572788168        1.6956525497664976     
   7900.2188841769484       0.29282986743374118        1.6941426016112986     
   7908.7428353357263       0.29190086671442683        1.6926312243772670     
   7917.2759834223907       0.29087760921405353        1.6911184281260514     
   7925.8183383599762       0.28972862405922484        1.6896042229016108     
   7934.3699100822287       0.28853378189694023        1.6880886187301611     
   7942.9307085336068       0.28730323986103201        1.6865716256201440     
   7951.5007436693049       0.28605339583810707        1.6850532535621747     
   7960.0800254552532       0.28474544586158790        1.6835335125290078     
   7968.6685638681383       0.28344227065965766        1.6820124124754883     
   7977.2663688954071       0.28209671173409850        1.6804899633385175     
   7985.8734505352859       0.28082536703650596        1.6789661750370068     
   7994.4898187967883       0.27958053135749644        1.6774410574718406     
   8003.1154836997248       0.27836588937871337        1.6759146205258355     
   8011.7504552747223       0.27718260132002759        1.6743868740636980     
   8020.3947435632217       0.27603113756991615        1.6728578279319930     
   8029.0483586175060       0.27475811409049655        1.6713274919590950     
   8037.7113105006993       0.27336490076772374        1.6697958759551594     
   8046.3836092867859       0.27178479120623539        1.6682629897120760     
   8055.0652650606180       0.27015922212326687        1.6667288430034399     
   8063.7562879179295       0.26851383162633330        1.6651934455845079     
   8072.4566879653466       0.26692039589829736        1.6636568071921649     
   8081.1664753204013       0.26549847388745823        1.6621189375448873     
   8089.8861795760613       0.26412917812210968        1.6605797546612266     
   8098.6147725031378       0.26281923628364628        1.6590394515138225     
   8107.3527831565943       0.26191611807973975        1.6574979461566794     
   8116.1002216976976       0.26087522549103259        1.6559552482342836     
   8124.8570982986830       0.25983409685511599        1.6544113673725374     
   8133.6234231427516       0.25878317607557749        1.6528663131787240     
   8142.3992064241011       0.25785016575472741        1.6513200952414804     
   8151.1844583479233       0.25686414045505024        1.6497727231307526     
   8159.9791891304221       0.25623443421034253        1.6482242063977743     
   8168.7834089988228       0.25597415471531459        1.6466745545750281     
   8177.5971281913899       0.25568755208778982        1.6451237771762186     
   8186.4203569574274       0.25547324180762015        1.6435718836962334     
   8195.2531055573036       0.25564246860516754        1.6420188836111187     
   8204.0953842624567       0.25565196854165473        1.6404647863780470     
   8212.9472033554030       0.25558754496579106        1.6389096014352855     
   8221.8085731297560       0.25544652275731072        1.6373533382021661     
   8230.6795038902364       0.25517562452550080        1.6357960060790568     
   8239.5600059526842       0.25482348749272354        1.6342376144473336     
   8248.4500896440641       0.25447949085903149        1.6326781726693482     
   8257.3497653024897       0.25404182279583848        1.6311176900884012     
   8266.2590432772249       0.25357969103670919        1.6295561760287158     
   8275.1779339287004       0.25274360340270985        1.6279936397954100     
   8284.1064476285283       0.25158027744909878        1.6264300906744642     
   8293.0445947595072       0.25014561743691444        1.6248655379327013     
   8301.9923857156373       0.24862102981999576        1.6232999908177548     
   8310.9498309021401       0.24683445087565561        1.6217334585580463     
   8319.9169407354584       0.24505625942623130        1.6201659503627557     
   8328.8937256432728       0.24342101128105778        1.6185974754218004     
   8337.8801960645214       0.24181343169841185        1.6170280429058050     
   8346.8763624493968       0.24013680714760524        1.6154576619660823     
   8355.8822352593725       0.23848846170217128        1.6138863417346041     
   8364.8978249672109       0.23716864459314138        1.6123140913239786     
   8373.9231420569686       0.23623420360634664        1.6107409198274276     
   8382.9581970240179       0.23533993938456321        1.6091668363187623     
   8392.0030003750526       0.23444747231990803        1.6075918498523631     
   8401.0575626281043       0.23356455628605458        1.6060159694631491     
   8410.1218943125532       0.23326236773401055        1.6044392041665665     
   8419.1960059691392       0.23362483804974182        1.6028615629585599     
   8428.2799081499743       0.23371465913860492        1.6012830548155517     
   8437.3736114185613       0.23360712684241861        1.5997036886944214     
   8446.4771263497896       0.23363326829418748        1.5981234735324845     
   8455.5904635299721       0.23332960499085290        1.5965424182474752     
   8464.7136335568321       0.23308807251174773        1.5949605317375191     
   8473.8466470395342       0.23304220596926856        1.5933778228811208     
   8482.9895145986848       0.23276023403345164        1.5917943005371413     
   8492.1422468663550       0.23239551279257561        1.5902099735447772     
   8501.3048544860849       0.23174898564180055        1.5886248507235434     
   8510.4773481128959       0.23124871638125372        1.5870389408732581     
   8519.6597384133074       0.23033998593530491        1.5854522527740171     
   8528.8520360653492       0.22992024689225132        1.5838647951861833     
   8538.0542517585727       0.22955084913613832        1.5822765768503642     
   8547.2663961940580       0.22891651898657167        1.5806876064873989     
   8556.4884800844357       0.22842770494697143        1.5790978927983368     
   8565.7205141538925       0.22798458282000494        1.5775074444644275     
   8574.9625091381859       0.22739792988800420        1.5759162701470970     
   8584.2144757846600       0.22685202884202821        1.5743243784879364     
   8593.4764248522497       0.22633555732583524        1.5727317781086880     
   8602.7483671115024       0.22573605062079549        1.5711384776112252     
   8612.0303133445868       0.22515062610676698        1.5695444855775407     
   8621.3222743452989       0.22446011265360979        1.5679498105697354     
   8630.6242609190867       0.22390523741495399        1.5663544611299960     
   8639.9362838830566       0.22311414385569800        1.5647584457805861     
   8649.2583540659816       0.22243545955257579        1.5631617730238356     
   8658.5904823083238       0.22163560747742173        1.5615644513421205     
   8667.9326794622375       0.22070908805392736        1.5599664891978562     
   8677.2849563915897       0.21988879853289073        1.5583678950334807     
   8686.6473239719635       0.21905753881162526        1.5567686772714453     
   8696.0197930906816       0.21821933225046072        1.5551688443141993     
   8705.4023746468138       0.21738346591337526        1.5535684045441815     
   8714.7950795511824       0.21654819128496994        1.5519673663238092     
   8724.1979187263896       0.21571783201730071        1.5503657379954632     
   8733.6109031068190       0.21489502090847729        1.5487635278814820     
   8743.0340436386541       0.21408175804406962        1.5471607442841455     
   8752.4673512798854       0.21327901058524293        1.5455573954856727     
   8761.9108370003305       0.21248760515715306        1.5439534897482043     
   8771.3645117816395       0.21170822765999700        1.5423490353137976     
   8780.8283866173115       0.21094122118006178        1.5407440404044153     
   8790.3024725127088       0.21018577290777485        1.5391385132219197     
   8799.7867804850666       0.20944688920711010        1.5375324619480590     
   8809.2813215635124       0.20872545164759754        1.5359258947444627     
   8818.7861067890626       0.20801169181897430        1.5343188197526336     
   8828.3011472146554       0.20730557875535596        1.5327112450939382     
   8837.8264539051524       0.20660657201525184        1.5311031788696006     
   8847.3620379373515       0.20591381032897041        1.5294946291606943     
   8856.9079104000066       0.20522706911291733        1.5278856040281363     
   8866.4640823938298       0.20425029456573929        1.5262761115126815     
   8876.0305650315149       0.20300671577105847        1.5246661596349134     
   8885.6073694377428       0.20171254630359003        1.5230557563952405     
   8895.1945067491979       0.20055783150142048        1.5214449097738911     
   8904.7919881145845       0.19946899498082793        1.5198336277309035     
   8914.3998246946303       0.19834200317452844        1.5182219182061278     
   8924.0180276621086       0.19717507557271569        1.5166097891192156     
   8933.6466082018451       0.19590151841865636        1.5149972483696177     
   8943.2855775107346       0.19447626206271748        1.5133843038365780     
   8952.9349467977536       0.19281050027860969        1.5117709633791314     
   8962.5947272839712       0.19108386811865655        1.5101572348361008     
   8972.2649302025638       0.18928495807982931        1.5085431260260904     
   8981.9455667988295       0.18730590916597836        1.5069286447474846     
   8991.6366483301954       0.18522661793967776        1.5053137987784457     
   9001.3381860662375       0.18316997694254739        1.5036985958769091     
   9011.0507699026657       0.18085691845737553        1.5020829475721662     
   9020.7732545297386       0.17854434255468390        1.5004670539784231     
   9030.5062292438979       0.17627878447813586        1.4988508266050717     
   9040.2497053634379       0.17423112973492133        1.4972342731291213     
   9050.0036942188635       0.17231002380674856        1.4956174012073480     
   9059.7682071529016       0.17056501976817595        1.4940002184762922     
   9069.5432555205225       0.16930692288867144        1.4923827325522554     
   9079.3288506889457       0.17046855018606269        1.4907649510313035     
   9089.1250040376526       0.17159741184834112        1.4891468814892646     
   9098.9317269584080       0.17314444499893092        1.4875285314817277     
   9108.7490308552642       0.17585972473762715        1.4859099085440453     
   9118.5769271445788       0.17843642510424371        1.4842910201913320     
   9128.4154272550277       0.18046012179193127        1.4826718739184681     
   9138.2645426276158       0.18267221702209557        1.4810524772000964     
   9148.1242847156936       0.18444784252374150        1.4794328374906274     
   9157.9946649849699       0.18603620373215615        1.4778129622242375     
   9167.8756949135259       0.18744535736118020        1.4761928588148727     
   9177.7673859918195       0.18855144288366674        1.4745725346562515     
   9187.6697497227160       0.18947494436177445        1.4729519971218643     
   9197.5827976214878       0.19013714457805442        1.4713312535649767     
   9207.5065412158274       0.19019970952252019        1.4697103113186361     
   9217.4409920458729       0.19008815140033314        1.4680891776956670     
   9227.3861616642098       0.18932528178106639        1.4664678599886825     
   9237.3420616358853       0.18862895964443166        1.4648463654700825     
   9247.3087035384287       0.18766864083758086        1.4632247013920581     
   9257.2860989618621       0.18621718666875733        1.4616028749865966     
   9267.2742595087075       0.18516083310439121        1.4599808934654868     
   9277.2731967940108       0.18427459981340177        1.4583587640203191     
   9287.2829224453471       0.18326396161314495        1.4567364938224958     
   9297.3034481028353       0.18220457121666417        1.4551140900232313     
   9307.3347854191579       0.18123754679503840        1.4534915597535591     
   9317.3769460595704       0.18035440872562100        1.4518689101243369     
   9327.4299417019065       0.17952584805838112        1.4502461482262530     
   9337.4937840366074       0.17866925875036949        1.4486232811298312     
   9347.5684847667271       0.17792312718132258        1.4470003158854354     
   9357.6540556079435       0.17725729707862703        1.4453772595232808     
   9367.7505082885764       0.17653378498287575        1.4437541190534340     
   9377.8578545496039       0.17600427759174714        1.4421309014658208     
   9387.9761061446643       0.17531614112154309        1.4405076137302397     
   9398.1052748400798       0.17475962981954923        1.4388842627963625     
   9408.2453724148763       0.17410667763634630        1.4372608555937405     
   9418.3964106607764       0.17338485124193176        1.4356373990318194     
   9428.5584013822318       0.17277678174179251        1.4340138999999386     
   9438.7313563964326       0.17215281629037962        1.4323903653673460     
   9448.9152875333148       0.17154489953758542        1.4307668019832021     
   9459.1102066355779       0.17092890766252897        1.4291432166765901     
   9469.3161255587038       0.17036251392573382        1.4275196162565249     
   9479.5330561709634       0.16981000208459615        1.4258960075119578     
   9489.7610103534298       0.16928652438394681        1.4242723972117932     
   9500.0000000000000       0.16877486348739176        1.4226487921048925     
