   5106.1779651492425       0.11313026370125144       0.47243009086469878     
   5113.2592281098250       0.11323127097308096       0.47417017478378842     
   5120.3503113871802       0.11333116590383323       0.47591160932975624     
   5127.4512286001527       0.11342994718570475       0.47765436994166310     
   5134.5619933864755       0.11352761354777076       0.47939843200024657     
   5141.6826194027917       0.11362416375596128       0.48114377082875937     
   5148.8131203246840       0.11371959661303435       0.48289036169381333     
   5155.9535098467031       0.11381391095854776       0.48463817980622065     
   5163.1038016823886       0.11390710566882890       0.48638720032184074     
   5170.2640095642982       0.11399917965694251       0.48813739834242698     
   5177.4341472440346       0.11409013187265667       0.48988874891647549     
   5184.6142284922726       0.11417996130240629       0.49164122704007868     
   5191.8042670987825       0.11426866696925581       0.49339480765777605     
   5199.0042768724570       0.11435624793285902       0.49514946566340828     
   5206.2142716413427       0.11444270328941737       0.49690517590097799     
   5213.4342652526602       0.11452803217163615       0.49866191316550401     
   5220.6642715728349       0.11461223374867931       0.50041965220388240     
   5227.9043044875207       0.11469530722612199       0.50217836771574920     
   5235.1543779016292       0.11477725184590129       0.50393803435434026     
   5242.4145057393562       0.11485806688626521       0.50569862672736010     
   5249.6847019442039       0.11493775166171986       0.50746011939784363     
   5256.9649804790179       0.11501630552297464       0.50922248688502547     
   5264.2553553260004       0.11509372785688601       0.51098570366520879     
   5271.5558404867506       0.11517001808639876       0.51274974417263397     
   5278.8664499822789       0.11524517567048634       0.51451458280034912     
   5286.1871978530453       0.11531920010408880       0.51628019390108504     
   5293.5180981589783       0.11539209091804922       0.51804655178812464     
   5300.8591649795053       0.11546384767904826       0.51981363073618092     
   5308.2104124135803       0.11553446998953699       0.52158140498227001     
   5315.5718545797081       0.11560395748766823       0.52334984872658763     
   5322.9435056159737       0.11567230984722573       0.52511893613338767     
   5330.3253796800682       0.11573952677755207       0.52688864133185953     
   5337.7174909493197       0.11580560802347441       0.52865893841700562     
   5345.1198536207130       0.11587055336522907       0.53042980145052354     
   5352.5324819109246       0.11593436979351460       0.53220120446168484     
   5359.9553900563442       0.11599705503455672       0.53397312144821607     
   5367.3890352304797       0.11605857592771938       0.53574563192917779     
   5374.8325464887293       0.11611897609293453       0.53751849876458624     
   5382.2863804307808       0.11617823978353219       0.53929180138654187     
   5389.7505513721626       0.11623636699052224       0.54106551367541256     
   5397.2250736482565       0.11629335773974797       0.54283960948443466     
   5404.7099616143250       0.11634921209179680       0.54461406264059720     
   5412.2052296455386       0.11640393014190978       0.54638884694552570     
   5419.7108921370027       0.11645751201988980       0.54816393617636816     
   5427.2269635037856       0.11650995789000834       0.54993930408667591     
   5434.7534581809459       0.11656126795091024       0.55171492440729220     
   5442.2903906235642       0.11661144243551710       0.55349077084723619     
   5449.8377753067625       0.11666048161092922       0.55526681709458769     
   5457.3956267257417       0.11670838577832585       0.55704303681737111     
   5464.9639593958000       0.11675515527286498       0.55881940366444216     
   5472.5427878523715       0.11680079046357919       0.56059589126637333     
   5480.1321266510413       0.11684529175327320       0.56237247323633488     
   5487.7319903675843       0.11688865957841738       0.56414912317098354     
   5495.3423935979890       0.11693089440904093       0.56592581465134562     
   5502.9633509584846       0.11697199674862409       0.56770252124369880     
   5510.5948770855694       0.11701196713398775       0.56947921650045963     
   5518.2369866360432       0.11705080613518229       0.57125587396106514     
   5525.8896942870251       0.11708851435537554       0.57303246715285394     
   5533.5530147359977       0.11712509243073789       0.57480896959195260     
   5541.2269627008181       0.11716054103032784       0.57658535478415385     
   5548.9115529197579       0.11719486085597498       0.57836159622580041     
   5556.6068001515278       0.11722805264216164       0.58013766740466521     
   5564.3127191753047       0.11726011715590391       0.58191354180083044     
   5572.0293247907612       0.11729105519663086       0.58368919288756771     
   5579.7566318180952       0.11732086759606278       0.58546459413221685     
   5587.4946550980585       0.11734955521808724       0.58723971899706562     
   5595.2434094919809       0.11737711895863540       0.58901454094022154     
   5603.0029098818022       0.11740355974555583       0.59078903341649303     
   5610.7731711701044       0.11742887853848732       0.59256316987826330     
   5618.5542082801330       0.11745307632873074       0.59433692377636282     
   5626.3460361558291       0.11747615413911949       0.59611026856094440     
   5634.1486697618611       0.11749811302388900       0.59788317768235433     
   5641.9621240836450       0.11751895406854466       0.59965562459200283     
   5649.7864141273858       0.11753867838972865       0.60142758274323682     
   5657.6215549200924       0.11755728713508586       0.60319902559220351     
   5665.4675615096176       0.11757478148312857       0.60496992659872173     
   5673.3244489646804       0.11759116264309941       0.60674025922714847     
   5681.1922323748968       0.11760643185483470       0.60850999694723806     
   5689.0709268508135       0.11762059038862438       0.61027911323501249     
   5696.9605475239259       0.11763363954507319       0.61204758157361971     
   5704.8611095467186       0.11764558065495927       0.61381537545419207     
   5712.7726280926881       0.11765641507909212       0.61558246837670938     
   5720.6951183563733       0.11766614420816986       0.61734883385085471     
   5728.6285955533858       0.11767476946263446       0.61911444539686822     
   5736.5730749204386       0.11768229229252729       0.62087927654640385     
   5744.5285717153720       0.11768871417734243       0.62264330084338038     
   5752.4951012171905       0.11769403662587988       0.62440649184483132     
   5760.4726787260843       0.11769826117609709       0.62616882312175626     
   5768.4613195634611       0.11770138939496018       0.62793026825996490     
   5776.4610390719808       0.11770342287829337       0.62969080086092455     
   5784.4718526155757       0.11770436325062847       0.63145039454260288     
   5792.4937755794899       0.11770421216505247       0.63320902294030768     
   5800.5268233702973        9.0617706234471296E-002  0.63496665970752886     
   5808.5710114159438        8.7104239358799712E-002  0.63672327851677457     
   5816.6263551657667        8.3493602163409078E-002  0.63847885306040442     
   5824.6928700905319        8.0094379379521324E-002  0.64023335705146789     
   5832.7705716824576        7.7399758613417372E-002  0.64198676422452983     
   5840.8594754552469        7.6380501441758300E-002  0.64373904833650175     
   5848.9595969441179        7.9041587363224294E-002  0.64549018316746998     
   5857.0709517058331       0.10003792801621829       0.64724014252151729     
   5865.1935553187304       0.14497583321191407       0.64898890022754618     
   5873.3274233827497       0.16361189701691012       0.65073643014009919     
   5881.4725715194654       0.15900928850569840       0.65248270614017601     
   5889.6290153721156       0.15015567894593287       0.65422770213604620     
   5897.7967706056343       0.14142000839901053       0.65597139206406663     
   5905.9758529066776       0.13444021098693412       0.65771374988948805     
   5914.1662779836579       0.12911522283201593       0.65945474960726180     
   5922.3680615667699       0.12509773844007466       0.66119436524284658     
   5930.5812194080245       0.12214784665006405       0.66293257085301183     
   5938.8057672812774       0.11990785741317192       0.66466934052663407     
   5947.0417209822599       0.11823883127959396       0.66640464838549862     
   5955.2890963286054       0.11747477628898112       0.66813846858508796     
   5963.5479091598891       0.11745213536081557       0.66987077531538053     
   5971.8181753376484       0.11742844624870087       0.67160154280163231     
   5980.0999107454172       0.11740371121861740       0.67333074530516801     
   5988.3931312887607       0.11737793256120993       0.67505835712416362     
   5996.6978528952986       0.11735111259161674       0.67678435259442371     
   6005.0140915147394       0.11732325364929864       0.67850870609016167     
   6013.3418631189106       0.11729435809786636       0.68023139202477390     
   6021.6811837017913       0.11726442832490870       0.68195238485160947     
   6030.0320692795403       0.11723346674181928       0.68367165906474059     
   6038.3945358905266       0.11720147578362300       0.68538918919972880     
   6046.7685995953616       0.11716845790880183       0.68710494983438231     
   6055.1542764769292       0.11713441559912063       0.68881891558952235     
   6063.5515826404198       0.11709935135945185       0.69053106112973350     
   6071.9605342133564       0.11706326771760006       0.69224136116411938     
   6080.3811473456253       0.11702616722412622       0.69394979044705296     
   6088.8134382095150       0.11698805245217087       0.69565632377892017     
   6097.2574229997372       0.11694892599727774       0.69736093600686466     
   6105.7131179334647       0.11690879047721635       0.69906360202553075     
   6114.1805392503593       0.11686764853180431       0.70076429677779339     
   6122.6597032126047       0.11682550282272941       0.70246299525549871     
   6131.1506261049371       0.11678235603337105       0.70415967250018796     
   6139.6533242346759       0.11673821086862170       0.70585430360382817     
   6148.1678139317555       0.11669307523104169       0.70754686370953190     
   6156.6941115487580       0.11664695032736323       0.70923732801227946     
   6165.2327422164408       0.11659980965446257       0.71092577222856079     
   6173.7827055273165       0.11655169840234708       0.71261197059290482     
   6182.3445259530281       0.11650260261588358       0.71429599905610841     
   6190.9182199370589       0.11645252512527023       0.71597783302774720     
   6199.5038039456940       0.11640146878095758       0.71765744797280606     
   6208.1012944680579       0.11634943645346749       0.71933481941238131     
   6216.7107080161368       0.11629643103321149       0.72100992292437149     
   6225.3320611248200       0.11624245543030907       0.72268273414417161     
   6233.9653703519261       0.11618751257440554       0.72435322876535746     
   6242.6106522782356       0.11613160541449040       0.72602138254037052     
   6251.2679235075238       0.11607473691871464       0.72768717128119564     
   6259.9372006665935       0.11601691007420813       0.72935057086004140     
   6268.6185004053023       0.11595812788689701       0.73101155721000644     
   6277.3118393966006       0.11589839338132080       0.73267010632574969     
   6286.0172343365603       0.11583770960044952       0.73432619426415791     
   6294.7347019444078       0.11577607960550013       0.73597979714500106     
   6303.4642589625528       0.11571350647575374       0.73763089115159097     
   6312.2059221566287       0.11564999330837150       0.73927945253143601     
   6320.9597083155149       0.11558554321821200       0.74092545759688555     
   6329.7256342513765       0.11552015933764681       0.74256888272577859     
   6338.5037167996925       0.11545384481637710       0.74420970436208278     
   6347.2939728192905       0.11538660282124989       0.74584789901652948     
   6356.0964191923749       0.11531843653607443       0.74748344326724880     
   6364.9110728245660       0.11524934916143788       0.74911631376039767     
   6373.7379506449270       0.11517934391452180       0.75074648721078341     
   6382.5770696059981       0.11510842402891783       0.75237394040248606     
   6391.4284466838326       0.11503659275444422       0.75399865018947132     
   6400.2920988780215       0.11496385335696148       0.75562059349620581     
   6409.1680432117337       0.11489020911818867       0.75723974731826504     
   6418.0562967317455       0.11481566333551947       0.75885608872293364     
   6426.9568765084723       0.11474021932183819       0.76046959484981047     
   6435.8697996360061       0.11466388040533597       0.76208024291139931     
   6444.7950832321403       0.11458664992932717       0.76368801019370181     
   6453.7327444384127       0.11450853125206546       0.76529287405680657     
   6462.6828004201279       0.11442952774656029       0.76689481193546782     
   6471.6452683663993       0.11434964280039323       0.76849380133968703     
   6480.6201654901761       0.11426887981553445       0.77008981985528580     
   6489.6075090282784       0.11418724220815989       0.77168284514447416     
   6498.6073162414332       0.11410473340846736       0.77327285494642095     
   6507.6196044142998       0.11402135686049382       0.77485982707780965     
   6516.6443908555129       0.11393711602193235       0.77644373943339717     
   6525.6816928977069       0.11385201436394929       0.77802456998656644     
   6534.7315278975566       0.11376605537100176       0.77960229678987680     
   6543.7939132358042       0.11367924254065502       0.78117689797560219     
   6552.8688663172961       0.11359157938340018       0.78274835175627500     
   6561.9564045710185       0.11350306942247218       0.78431663642521998     
   6571.0565454501238       0.11341371619366808       0.78588173035708242     
   6580.1693064319734       0.11332352324516465       0.78744361200835811     
   6589.2947050181610       0.11226232001219115       0.78900225991791018     
   6598.4327587345560       0.10517783645461942       0.79055765270748968     
   6607.5834851313293       0.10388233604487566       0.79210976908224584     
   6616.7469017829953       0.10248113421493280       0.79365858783123633     
   6625.9230262884357       0.10106577517815370       0.79520408782792817     
   6635.1118762709393        9.9821754519581571E-002  0.79674624803069860     
   6644.3134693782386        9.9250130565649117E-002  0.79828504748332940     
   6653.5278232825349       0.10088364459167512       0.79982046531549356     
   6662.7549556805407       0.11654350803233515       0.80135248074324716     
   6671.9948842935109       0.12603293090081805       0.80288107306950385     
   6681.2476268672726       0.12600766811969924       0.80440622168451448     
   6690.5132011722662       0.12316031043361403       0.80592790606633757     
   6699.7916250035760       0.12003757797433626       0.80744610578130738     
   6709.0829161809625       0.11749690123753243       0.80896080048449281     
   6718.3870925489000       0.11559774542557377       0.81047196992016213     
   6727.7041719766103       0.11419637508282136       0.81197959392222907     
   6737.0341723580950       0.11315613034987788       0.81348365241470522     
   6746.3771116121734       0.11238082438614155       0.81498412541214427     
   6755.7330076825092       0.11178220381559263       0.81648099302007926     
   6765.1018785376573       0.11134888927877951       0.81797423543545866     
   6774.4837421710872       0.11124190185360815       0.81946383294707559     
   6783.8786166012233       0.11113415553637866       0.82094976593599545     
   6793.2865198714762       0.11102565411049287       0.82243201487597317     
   6802.7074700502826       0.11091640136745974       0.82391056033387366     
   6812.1414852311327       0.11080640110672257       0.82538538297007691     
   6821.5885835326117       0.11069565713548485       0.82685646353889297     
   6831.0487830984312       0.11058417326853895       0.82832378288895669     
   6840.5221020974632       0.11047195332809306       0.82978732196362925     
   6850.0085587237772       0.11035900114360027       0.83124706180138985     
   6859.5081711966732       0.11024532055158708       0.83270298353622163     
   6869.0209577607211       0.11013091539548285       0.83415506839800024     
   6878.5469366857878       0.11001578952544944       0.83560329771286701     
   6888.0861262670815       0.10989994679821176       0.83704765290360572     
   6897.6385448251776       0.10978339107688864       0.83848811549001034     
   6907.2042107060624       0.10966612623082396       0.83992466708925173     
   6916.7831422811632       0.10954815613541839       0.84135728941623666     
   6926.3753579473841       0.10942948467196205       0.84278596428396091     
   6935.9808761271415       0.10931011572746735       0.84421067360386126     
   6945.5997152684040       0.10919005319450223       0.84563139938616227     
   6955.2318938447188       0.10906930097102441       0.84704812374021676     
   6964.8774303552555       0.10894786296021569       0.84846082887484009     
   6974.5363433248367       0.10882574307031724       0.84986949709864401     
   6984.2086513039758       0.10453397752650438       0.85127411082036242     
   6993.8943728689137       0.10375933140616794       0.85267465254917674     
   7003.5935266216511       0.10291438983558723       0.85407110489502580     
   7013.3061311899864       0.10204109552581292       0.85546345056892725     
   7023.0322052275496       0.10122414952247995       0.85685167238328130     
   7032.7717674138439       0.10069178135947220       0.85823575325217438     
   7042.5248364542731       0.10118187922185261       0.85961567619167645     
   7052.2914310801825       0.10920336418973432       0.86099142432013920     
   7062.0715700488954       0.11475163428417869       0.86236298085848206     
   7071.8652721437466       0.11517390817489306       0.86373032913047643     
   7081.6731405543578       0.11361031120427420       0.86509353360419750     
   7091.4940261661441       0.11179050699095973       0.86645241547458385     
   7101.3285314116374       0.11028094847913097       0.86780703966886186     
   7111.1766751785854       0.10914147474178944       0.86915738992497560     
   7121.0384763809307       0.10827920996833158       0.87050345008507424     
   7130.9139539588459       0.10762708579748718       0.87184520409576938     
   7140.8031268787699       0.10711788365223737       0.87318263600838697     
   7150.7060141334450       0.10671374282277725       0.87451572997921367     
   7160.6226347419506       0.10638112961656451       0.87584447026974221     
   7170.5530077497433       0.10624619919544216       0.87716884124690453     
   7180.4971522286924       0.10611066985140444       0.87848882738331113     
   7190.4550872771151       0.10559137905166108       0.87980441325747338     
   7200.4268320198153       0.10511266174975813       0.88111558355403186     
   7210.4124056081173       0.10486056278635804       0.88242232306397339     
   7220.4118272199057       0.10459586414617951       0.88372461668484792     
   7230.4251160596632       0.10432630734584912       0.88502244942097719     
   7240.4522913585015       0.10407209355906953       0.88631580638365959     
   7250.4933723742033       0.10388849273052485       0.88760467279137267     
   7260.5483783912605       0.10418859427275595       0.88888903396996977     
   7270.6173287209067       0.10552133735763743       0.89016887535286848     
   7280.7002427011548       0.10606174802403641       0.89144418248124213     
   7290.7971396968387       0.10578844406280875       0.89271494100420012     
   7300.9080390996460       0.10536286525647170       0.89398113667896539     
   7311.0329603281571       0.10494823755611907       0.89524275537104991     
   7321.1719228278807       0.10459646052557033       0.89649978305442213     
   7331.3249460712959       0.10430212499039943       0.89775220581167159     
   7341.4920495578845       0.10405060228009690       0.89900000983417028     
   7351.6732528141683       0.10382910666044735       0.90024318142222537     
   7361.8685753937516       0.10362861884145068       0.90148170698523211     
   7372.0780368773540       0.10344280626398308       0.90271557304182004     
   7382.3016568728499       0.10328044345746519       0.90394476621999498     
   7392.5394550153069       0.10313325701870467       0.90516927325727481     
   7402.7914509670218       0.10298555930140835       0.90638908100082571     
   7413.0576644175571       0.10283735428265477       0.90760417640758650     
   7423.3381150837868       0.10268864593782838       0.90881454654439697     
   7433.6328227099202       0.10253943824048653       0.91002017858811424     
   7443.9418070675556       0.10238973516222613       0.91122105982573098     
   7454.2650879557059       0.10223954067255207       0.91241717765448282     
   7464.6026852008417       0.10208885873874611       0.91360851958195699     
   7474.9546186569305       0.10193769332573620       0.91479507322619613     
   7485.3209082054746       0.10178604839596690       0.91597682631579125     
   7495.7015737555439       0.10163392790927091       0.91715376668997928     
   7506.0966352438209       0.10148133582274071       0.91832588229872980     
   7516.5061126346372       0.10132827609060130       0.91949316120283142     
   7526.9300259200081       0.10117475266408413       0.92065559157397037     
   7537.3683951196772       0.10102076949130126       0.92181316169480787     
   7547.8212402811487       0.10086633051712038       0.92296585995905178     
   7558.2885814797310       0.10071143968304117       0.92411367487152252     
   7568.7704388185712       0.10055610092707185       0.92525659504821822     
   7579.2668324286969       0.10040031818360687       0.92639460921637373     
   7589.7777824690520       0.10024409538330534       0.92752770621451353     
   7600.3033091265379       0.10008743645297014       0.92865587499250390     
   7610.8434326160523        9.9930345315428298E-002  0.92977910461159841     
   7621.3981731805252        9.9772825889411443E-002  0.93089738424448032     
   7631.9675510909583        9.9614882089437876E-002  0.93201070317530099     
   7642.5515866464702        9.9456517825694757E-002  0.93311905079971214     
   7653.1503001743231        9.9297737003921790E-002  0.93422241662489713     
   7663.7637120299778        9.9138543525295095E-002  0.93532079026959647     
   7674.3918425971160        9.8978941286312294E-002  0.93641416146412693     
   7685.0347122876929        9.8818934178678375E-002  0.93750252005040269     
   7695.6923415419678        9.8658526089192261E-002  0.93858585598194355     
   7706.3647508285503        9.8497720899634503E-002  0.93966415932388903     
   7717.0519606444304        9.8336522486655115E-002  0.94073742025300000     
   7727.7539915150301        9.8174934721663235E-002  0.94180562905766207     
   7738.4708639942310        9.8012961470716697E-002  0.94286877613788012     
   7749.2025986644203        9.7850606594413178E-002  0.94392685200527238     
   7759.9492161365279        9.7687873947781653E-002  0.94497984728306139     
   7770.7107370500707        9.7524767380174779E-002  0.94602775270605566     
   7781.4871820731860        9.7361290735162365E-002  0.94707055912063387     
   7792.2785719026733        9.7197447850425570E-002  0.94810825748471994     
   7803.0849272640335        9.7033242557651639E-002  0.94914083886775558     
   7813.9062689115135        9.6868678682430084E-002  0.95016829445067308     
   7824.7426176281388        9.6703760044149129E-002  0.95119061552585760     
   7835.5939942257583        9.6538490455893120E-002  0.95220779349710971     
   7846.4604195450811        9.6372873724341307E-002  0.95321981987960303     
   7857.3419144557229        9.6206913649666354E-002  0.95422668629983931     
   7868.2384998562366        9.6040614025435012E-002  0.95522838449559611     
   7879.1501966741571        9.5873978638508911E-002  0.95622490631587431     
   7890.0770258660468        9.5707011268945721E-002  0.95721624372084246     
   7901.0190084175238        9.5539715689902369E-002  0.95820238878177244     
   7911.9761653433170        9.5372095667538126E-002  0.95918333368097652     
   7922.9485176872913        9.5204154960918858E-002  0.96015907071173690     
   7933.9360865224990        9.5035897321922067E-002  0.96112959227823536     
   7944.9388929512161        9.4867326495143137E-002  0.96209489089547562     
   7955.9569581049836        9.4698446217801602E-002  0.96305495918920370     
   7966.9903031446465        9.4529260219649192E-002  0.96400978989582642     
   7978.0389492603972        9.4359772222878044E-002  0.96495937586232072     
   7989.1029176718121        9.4189985942030124E-002  0.96590371004614695     
   8000.1822296278997        9.4019905083907188E-002  0.96684278551515113     
   8011.2769064071335        9.3849533347481931E-002  0.96777659544747063     
   8022.3869693174947        9.3678874423809677E-002  0.96870513313142925     
   8033.5124396965175        9.3507931995941221E-002  0.96962839196543416     
   8044.6533389113256        9.3336709738836135E-002  0.97054636545786876     
   8055.8096883586732        9.3165211319277158E-002  0.97145904722697718     
   8066.9815094649930        9.2993440395785248E-002  0.97236643100075448     
   8078.1688236864247        9.2821400618535888E-002  0.97326851061681940     
   8089.3716525088685        9.2649095629275591E-002  0.97416528002230263     
   8100.5900174480184        9.2476529061239945E-002  0.97505673327371212     
   8111.8239400494094        9.2303706077248623E-002  0.97594286453680790     
   8123.0734418884549        9.2130629828032648E-002  0.97682366808647048     
   8134.3392158168117        9.1957285759144802E-002  0.97769919027759777     
   8145.6199419080122        9.1783709020696047E-002  0.97856932134276620     
   8156.9163121440879        9.1609888739372577E-002  0.97943410817216436     
   8168.2283482203839        9.1435828495660496E-002  0.98029354547576530     
   8179.5560718623346        9.1261531860981709E-002  0.98114762807195022     
   8190.8995048255038        9.1087002397618397E-002  0.98199635088735315     
   8202.2586688956271        9.0912243658638092E-002  0.98283970895670936     
   8213.6335858886468        9.0737259187819899E-002  0.98367769742269517     
   8225.0242776507675        9.0562052519580882E-002  0.98451031153576618     
   8236.4307660584855        9.0386627178904083E-002  0.98533754665399143     
   8247.8530730186358        9.0210986681266633E-002  0.98615939824288712     
   8259.2912204684344        9.0035134532569408E-002  0.98697586187524300     
   8270.7452303755199        8.9859074229066707E-002  0.98778693323095090     
   8282.2151247379970        8.9682809257297519E-002  0.98859260809682370     
   8293.7009255844769        8.9506343094016810E-002  0.98939288236641942     
   8305.2026549741167        8.9329679206128512E-002  0.99018775203985288     
   8316.7203349966694        8.9152821050618544E-002  0.99097721322361221     
   8328.2539877725194        8.8975772074489215E-002  0.99176126213036886     
   8339.8036354527321        8.8798535714693844E-002  0.99253989507878493     
   8351.3693002190867        8.8621115398072839E-002  0.99331310849331655     
   8362.9510042841266        8.8443514541290055E-002  0.99408089890401774     
   8374.5487698911984        8.8265736550770371E-002  0.99484326294633674     
   8386.1626193144984        8.8087784822637738E-002  0.99560019736091354     
   8397.7925748591133        8.7909662742653924E-002  0.99635169899337317     
   8409.4386588610560        8.7731373686158909E-002  0.99709776479411338     
   8421.1008936873241        8.7552921018010765E-002  0.99783839181809453     
   8432.7793017359254        8.7374308092527456E-002  0.99857357722462337     
   8444.4739054359379        8.7195538253428712E-002  0.99930331827713359     
   8456.1847272475334        8.7016614833779440E-002   1.0000276123429670     
   8467.9117896620446        8.6837541155932535E-002   1.0007464568931486     
   8479.6551152019820        8.6658320531474528E-002   1.0014598495021578     
   8491.4147264211024        8.6478956261169956E-002   1.0021677878477049     
   8503.1906459044312        8.6299451634907889E-002   1.0028702697104934     
   8514.9828962683205        8.6119809931648680E-002   1.0035672929739896     
   8526.7915001604833        8.5940034419371605E-002   1.0042588556241838     
   8538.6164802600415        8.5760128355023266E-002   1.0049449557493508     
   8550.4578592775706        8.5580094984466656E-002   1.0056255915398080     
   8562.3156599551367        8.5399937542431206E-002   1.0063007612876691     
   8574.1899050663487        8.5219659252463553E-002   1.0069704633866008     
   8586.0806174163972        8.5039263326878778E-002   1.0076346963315677     
   8597.9878198420975        8.4858752966712872E-002   1.0082934587185846     
   8609.9115352119370        8.4678131361675596E-002   1.0089467492444577     
   8621.8517864261157        8.4497401690104154E-002   1.0095945667065311     
   8633.8085964165930        8.4316567118917940E-002   1.0102369100024242     
   8645.7819881471296        8.4135630803573544E-002   1.0108737781297716     
   8657.7719846133296        8.3954595888020886E-002   1.0115051701859574     
   8669.7786088426947        8.3773465504659805E-002   1.0121310853678498     
   8681.8018838946555        8.3592242774297706E-002   1.0127515229715303     
   8693.8418328606203        8.3410930806107828E-002   1.0133664823920243     
   8705.8984788640264        8.3229532697587816E-002   1.0139759631230247     
   8717.9718450603741        8.3048051534520065E-002   1.0145799647566192     
   8730.0619546372782        8.2866490390931344E-002   1.0151784869830098     
   8742.1688308145076        8.2684852329054828E-002   1.0157715295902325     
   8754.2924968440348        8.2503140399291200E-002   1.0163590924638757     
   8766.4329760100791        8.2321357640171761E-002   1.0169411755867952     
   8778.5902916291470        8.2139507078321558E-002   1.0175177790388257     
   8790.7644670500813        8.1957591728423387E-002   1.0180889029964946     
   8802.9555256541080        8.1775614593182791E-002   1.0186545477327278     
   8815.1634908548749        8.1593578663293240E-002   1.0192147136165590     
   8827.3883860985043        8.1411486917402340E-002   1.0197694011128333     
   8839.6302348636236        8.1229342322079026E-002   1.0203186107819073     
   8851.8890606614350        8.1047147831780783E-002   1.0208623432793547     
   8864.1648870357349        8.0864906388822044E-002   1.0214005993556621     
   8876.4577375629724        8.0682620923343315E-002   1.0219333798559247     
   8888.7676358522986        8.0500294353280516E-002   1.0224606857195422     
   8901.0946055455970        8.0317929584335979E-002   1.0229825179799121     
   8913.4386703175423        8.0135529509948691E-002   1.0234988777641190     
   8925.7998538756437        7.9953097011266558E-002   1.0240097662926262     
   8938.1781799602850        7.9770634957118711E-002   1.0245151848789593     
   8950.5736723447699        7.9588146203988547E-002   1.0250151349293943     
   8962.9863548353787        7.9405633595987526E-002   1.0255096179426382     
   8975.4162512713992        7.9223099964829652E-002   1.0259986355095139     
   8987.8633855251846        7.9040548129806459E-002   1.0264821893126381     
   9000.3277815021938        7.8857980897762844E-002   1.0269602811260992     
   9012.8094631410331        7.8675401063073663E-002   1.0274329128151349     
   9025.3084544135127        7.8492811407620558E-002   1.0279000863358050     
   9037.8247793246828        7.8310214700769806E-002   1.0283618037346680     
   9050.3584619128869        7.8127613699350798E-002   1.0288180671484450     
   9062.9095262498049        7.7945011147634899E-002   1.0292688788036997     
   9075.4779964404952        7.7762409777315383E-002   1.0297142410164974     
   9088.0638966234510        7.7579812307487533E-002   1.0301541561920757     
   9100.6672509706350        7.7397221444629696E-002   1.0305886268245090     
   9113.2880836875374        7.7214639882585021E-002   1.0310176554963708     
   9125.9264190132126        7.7032070302543443E-002   1.0314412448783956     
   9138.5822812203332        7.6849515373024618E-002   1.0318593977291413     
   9151.2556946152272        7.6666977749861642E-002   1.0322721168946420     
   9163.9466835379371        7.6484460076184840E-002   1.0326794053080741     
   9176.6552723622590        7.6301964982406642E-002   1.0330812659894042     
   9189.3814854957855        7.6119495086206954E-002   1.0334777020450476     
   9202.1253473799643        7.5937052992518947E-002   1.0338687166675196     
   9214.8868824901365        7.5754641293515723E-002   1.0342543131350874     
   9227.6661153355835        7.5572262568597615E-002   1.0346344948114214     
   9240.4630704595784        7.5389919384379722E-002   1.0350092651452429     
   9253.2777724394291        7.5207614294680300E-002   1.0353786276699706     
   9266.1102458865316        7.5025349840509709E-002   1.0357425860033704     
   9278.9605154464080        7.4843128550060034E-002   1.0361011438471963     
   9291.8286057987625        7.4660952938695235E-002   1.0364543049868344     
   9304.7145416575204        7.4478825508941665E-002   1.0368020732909502     
   9317.6183477708873        7.4296749189833325E-002   1.0371444527111233     
   9330.5400489213844        7.4114726320831312E-002   1.0374814472814911     
   9343.4804409506578        7.3932746308277036E-002   1.0378130807042338     
   9356.4380077297665        7.3750836376719350E-002   1.0381393176858067     
   9369.4135441014569        7.3568986946702233E-002   1.0384601824119688     
   9382.4070749860166        7.3387200443563103E-002   1.0387756792434677     
   9395.4186253382886        7.3205479279753100E-002   1.0390858126217903     
   9408.4482201477258        7.3023825854831831E-002   1.0393905870687961     
   9421.4958844384364        7.2842242555463413E-002   1.0396900071863495     
   9434.5616432692295        7.2660731755412808E-002   1.0399840776559524     
   9447.6455217336697        7.2479295815542438E-002   1.0402728032383712     
   9460.7475449601170        7.2297937083809952E-002   1.0405561887732686     
   9473.8677381117850        7.2116657895265904E-002   1.0408342391788306     
   9487.0061263867774        7.1935460572052481E-002   1.0411069594513933     
   9500.1627350181498        7.1754347423402129E-002   1.0413743546650722     
   9513.3375892739423        7.1573320745637450E-002   1.0416364299713814     
   9526.5307144572471        7.1392382822170988E-002   1.0418931905988627     
   9539.7421359062373        7.1211535923506014E-002   1.0421446418527112     
   9552.9718789942308        7.1030782307237555E-002   1.0423907891143900     
   9566.2199691297319        7.0850124218053825E-002   1.0426316378412601     
   9579.4864317564807        7.0669563887738429E-002   1.0428671935661979     
   9592.7712923535037        7.0489103535173028E-002   1.0430974618972146     
   9606.0745764351595        7.0308745366340381E-002   1.0433224485170776     
   9619.3963095511972        7.0128491574327809E-002   1.0435421591829275     
   9632.7365172867867        6.9948344339331531E-002   1.0437565997258980     
   9646.0952252625902        6.9768305828660990E-002   1.0439657760507308     
   9659.4724591347967        6.9588378196744072E-002   1.0441696941353940     
   9672.8682445951708        6.9408563585132699E-002   1.0443683600306961     
   9686.2826073711149        6.9228864122508588E-002   1.0445617798599043     
   9699.7155732257052        6.9049281924689815E-002   1.0447499598183554     
   9713.1671679577466        6.8869819094638046E-002   1.0449329061730710     
   9726.6374174018219        6.8690477722465615E-002   1.0451106252623719     
   9740.1263474283423        6.8511259885443501E-002   1.0452831234954887     
   9753.6339839435968        6.8332167648009839E-002   1.0454504073521758     
   9767.1603528897995        6.8153203061778439E-002   1.0456124833823230     
   9780.7054802451403        6.7974368165548291E-002   1.0457693582055629     
   9794.2693920238398        6.7795664985313059E-002   1.0459210385108857     
   9807.8521142761929        6.7617095534271338E-002   1.0460675310562493     
   9821.4536730886175        6.7438661812837239E-002   1.0462088426681835     
   9835.0740945837169        6.7260365808651260E-002   1.0463449802414053     
   9848.7134049203123        6.7082209496591966E-002   1.0464759507384236     
   9862.3716302935081        6.6904194838787609E-002   1.0466017611891494     
   9876.0487969347323        6.6726323784628574E-002   1.0467224186905011     
   9889.7449311117944        6.6548598270780204E-002   1.0468379304060140     
   9903.4600591289272        6.6371020221195676E-002   1.0469483035654483     
   9917.1942073268474        6.6193591547129754E-002   1.0470535454643914     
   9930.9474020827984        6.6016314147152755E-002   1.0471536634638685     
   9944.7196698106054        6.5839189907164752E-002   1.0472486649899471     
   9958.5110369607210        6.5662220700410542E-002   1.0473385575333398     
   9972.3215300202810        6.5485408387494878E-002   1.0474233486490159     
   9986.1511755131578        6.5307396892555394E-002   1.0475030459557992     
   10000.000000000000        6.5127335067543035E-002   1.0475776571359794     
