    656.2797   .710  1  0  10.21
    587.5615   .409  2  0  20.99
    468.5698  1.181  2  1  48.43 
    670.7761  -.009  3  0   0.00000000
    548.4466  -.294  3  1  59.095
    457.2665   .591  4  0   5.284
    467.3422   .767  4  1  12.176
    614.1750  -.827  4  2 121.803
    821.1904  0.000  5  0   5.941
    703.0198  0.173  5  1  16.110
    783.5246  -.096  5  2  22.370
    449.9400  -.943  5  3 203.06832886
    940.5730   .225  6  0   7.69442320 
    426.7261   .769  6  1  18.06866455
    464.7418   .078  6  2  29.572
    155.0772  -.419  6  3  0.000000000
    868.0282   .236  7  0  10.34888363  
    567.9558   .280  7  1  18.50635910  
    409.7355  -.016  7  2  27.472
    638.0753  -.595  7  3  48.272
    460.3737  -.283  7  4  56.624
    777.1944   .324  8  0   9.15758514
    732.0664 -8.432  8  1   3.32828021  
    436.3209 -8.340  8  2   2.517 
    479.8275  -.080  8  3  59.472
    511.4057  -.682  8  4  69.676
    685.6026   .420  9  0  12.712 
    402.4727   .190  9  1  22.701
    640.2246   .360 10  0  16.63995552  
    588.9951   .117 11  0    .00000000 
    518.3604  -.180 12  0   2.72005367
    448.1126   .740 12  1   8.87479210
    309.2710  -.187 13  0    .01391125 
    704.2083   .350 13  1  11.33081627 
    569.6604  0.230 13  2  15.66200447
    700.5880  -.980 14  0   5.99152946
    634.7109   .297 14  1   8.13122845 
    455.2622   .181 14  2  19.04022598 
    408.8862  0.200 14  3  24.08054161 
    979.6828   .220 15  0   6.99400520
    650.7979   .622 15  1  10.90000153
    422.2198  0.210 15  2  14.62815475  
    921.2863   .420 16  0   6.53269863 
    545.3855   .557 16  1  13.68874454 
    425.3589   .400 16  2  18.26670456  
    837.5943   .460 17  0   8.93291092  
    811.5311   .407 18  0  11.56286621  
    294.2893  -.630 18  1  17.16156578  
    766.4911   .130 19  0    .00000000
    426.3445  0.070 19  1  20.23800087
    422.6728   .265 20  0    .00000000 
    393.3663   .151 20  1    .00000000 
    391.1815   .560 21  0    .02089773 
    552.6790   .064 21  1   1.77040029 
    365.3496   .522 22  0    .04802654 
    455.0000  -.450 22  1   1.58000000 
    298.4744   .154 22  2   5.17716789  
    437.9230   .592 23  0    .30101219 
    327.6117   .500 23  1   1.12940204
    406.9551 -2.039 23  2   7.85993052  
    357.8684   .472 24  0    .00000000  
    283.5629   .572 24  1   1.55130816  
    563.9662 -2.119 24  2  10.47420311
    322.8089   .440 25  0   2.11687112 
    344.1988  -.244 25  1   1.77841234
    446.9840 -2.182 25  2  11.75579166 
    358.1195   .404 26  0    .86007494 
    501.8440 -1.400 26  1   2.89465094 
    301.3131 -0.961 26  2  10.32077980
    400.5103 -1.871 26  3  23.63925171  
    687.2388 -1.589 27  0   2.01053166
    416.0673 -1.828 27  1   3.41193938
    281.1708 -1.566 27  2   8.80575943
    424.6225 -4.199 27  3  16.47698975   
    301.1998   .149 28  0    .42330810 
    406.7031 -1.835 28  1   4.03449154
    273.3475 -1.622 28  2  10.20090675
    431.5662 -2.587 28  3  23.08594322 
    782.5654  0.618 29  1  13.391376
    507.5243  0.629 30  2  26.639971
    407.7710   .170 38  1    .00000000  
    553.5480  0.200 56  0   0.00000000
    455.4027  0.190 56  1   0.00000000
